-558788	-50490	717424	-278006	-657576
544877	929033	279760	-695022	812880
-639651	-530201	58941	725399	118836
931788	110914	-991229	-255021	432195
994877	256227	218156	769435	589181
297955	-596588	733559	-651809	497760
342207	232443	-461680	-579187	-190352
940253	-645414	-542775	-392742	-717687
-232353	303883	519361	-551374	-908993
-89603	837771	3678	-124365	603743
361285	-617926	-948301	562102	-683745
-745521	-538424	-9175	606909	-402972
689193	430122	-690092	-490	477042
803504	845415	602376	-784960	-133034
680864	-558352	-294001	296525	299438
-365872	402213	247711	317303	-380713
-111360	405051	691980	-57771	949660
-926981	803721	-196887	-923953	621894
-973858	-486866	555325	319242	-87405
788825	-453427	-588388	122414	425853
167187	643019	487991	809660	270543
-887352	-18315	-41102	-931732	784545
-64357	725951	-830816	588566	958147
-162547	-227908	639932	658027	-670363
160615	-542063	549225	218076	-768648
49190	466614	-576761	-525107	-654885
-130897	-685680	-223013	-673933	-433504
-718217	-626575	-134795	-64206	-737272
330155	-484703	-759318	267992	718393
-740165	836326	-279687	-521618	570977
-753293	-808214	632284	592383	179566
46361	668515	-780039	190282	-576862
-516829	-510502	882777	-735225	184895
791939	-293783	778354	18543	-964622
-632472	515961	-810647	-563536	765948
-796970	224235	875131	-871814	523412
139624	230171	476772	-885536	-523862
558789	908096	-513934	7735	-224033
21806	262529	-431894	742244	130250
81126	550809	-212256	-370251	-367547
-809872	341028	-792542	651939	754417
-966494	-141547	-92091	-580607	665070
760272	-13229	985346	-906230	318365
294455	348793	218651	-711019	-305626
98556	787554	-524634	171207	-549061
-225618	503972	-198892	782984	-823988
583834	400495	-707126	826554	184958
531094	122381	-301556	-776991	-565595
532247	261893	-883686	-599761	-206424
77872	129131	150635	251825	855829
732490	-535485	193361	486076	153499
-758773	-676781	226616	-449565	-659065
-455975	4641	532306	-101570	302023
2470	-653086	-459058	476664	854017
-771772	853764	893827	-321474	962618
-237889	63724	-126753	-487204	545763
617251	744436	295806	-388903	74106
215217	523770	989150	620792	-613679
874893	85840	951989	-380951	-358527
-212198	-917785	-641379	541134	-614871
-161432	259256	-931311	-55956	409797
-266514	-414610	-481892	-162475	251587
363436	-564760	-637972	633665	207025
244752	438291	726828	-781230	472367
418443	-767689	-544507	-661011	495982
218346	176287	116139	396025	-895709
-589895	509058	-398776	-580819	528793
978255	-112754	-800745	498298	-996878
39610	-664700	431943	914296	-506904
102026	-986492	343309	206830	584927
380387	218435	618816	-146627	57106
-53600	-716562	-617736	-780014	359507
-241148	-716878	994756	474704	950951
923191	-886756	-595368	-25751	889479
-493065	-701534	-51890	-539827	126884
-258629	-555967	-771168	-506001	-954872
-770585	-175285	922625	915424	-979902
688945	-882166	267963	94245	399590
-589154	706394	965978	-900962	-661570
-651904	326096	-902751	34684	772145
-580685	256118	-31904	-304997	-56016
165866	522377	-996022	821565	271158
384067	389325	-57734	475914	507711
339447	-902987	113308	-103644	599130
-48989	467519	239551	997943	332777
481939	523720	254054	-864613	-644291
824367	-433310	-787215	-62822	-317843
-176929	-853776	175046	24207	-580645
-690921	-124313	40708	838498	-462973
895726	-413923	-228378	-872346	282056
-719628	-882912	585893	-399372	-330890
-568585	262102	-968105	79782	-574049
392636	977449	-657831	419991	-196394
599289	863854	994364	159819	-299623
714950	871965	-812562	301589	-45995
237931	-356727	28299	37084	331758
425420	-133316	431719	354836	5658
445042	-881664	-566377	615669	-202452
-280450	-557585	-553981	-799985	-374
80854	519669	-421296	-473578	-314129
351749	603789	471818	-350083	672444
93343	-987871	-39976	-91463	459542
328184	-719758	-240683	-11312	627926
503240	-791624	-139200	-775933	991238
-602724	-348583	10421	-796965	607056
-32735	-4802	-778682	-911382	-1390
187071	108451	227207	-123013	614316
88441	-645709	682997	459708	-975826
426654	-21770	289557	901014	691907
12207	-137546	-395133	-411553	432565
470078	-912589	-985421	-793828	386437
325659	-474551	-954609	171984	-903145
-906162	969317	-989097	-164531	265091
-113063	195528	860450	959411	-643864
157757	-891229	974576	-405006	-336988
-141893	-500532	-170052	213120	34569
680831	171043	-255	-792616	342469
876849	-117001	-801290	-214894	741301
732237	-795180	301176	712350	-5271
275205	-489201	-909855	-598148	-184650
61378	-635236	849609	-398372	243145
469156	970449	152366	840993	759420
362781	212830	86668	-545086	75262
-493864	-504908	844041	134358	-235443
-280131	835868	280116	439423	45898
993048	742645	700240	108158	-313740
614143	-198837	595673	-9477	704359
331700	-691138	-710626	-389960	782562
-655951	-207724	-216243	561507	-996632
-380701	-95287	-319816	103585	-970052
519001	246925	-640361	-53055	267314
-521382	-903230	-197792	-759899	-540515
517413	-919081	953974	340921	-38997
613100	113980	-764794	-629335	442351
487286	589997	-493274	-478596	-350573
192866	-391846	-319018	914860	314172
116973	-68286	-576825	-109178	-367293
281272	-863667	413793	-768269	-831894
153534	546786	-678085	5061	-238794
-133976	873538	-535707	-674602	841288
363454	-36684	845613	-193842	971456
-667527	-918820	220121	-708742	832041
416654	-729975	-885275	819960	55216
79578	327063	40950	131122	257243
256749	969020	-997592	-239810	550736
-611506	-644424	768485	-433070	713305
-198352	864727	838946	-408134	773177
-564921	786927	-758009	928007	-726599
916870	-99209	-204302	287536	-878855
532608	210697	-155698	212383	-580822
999331	550949	472389	858094	859919
165289	-787801	-885324	-763420	-96940
892260	-848089	713203	-422171	679834
311962	777522	479346	-448941	-1651
-908474	340028	-649630	-563313	-260814
-436104	-532495	402469	720974	-188735
-83798	487542	-902308	-78751	-982190
-836776	707246	531757	-995694	-680694
246713	292780	-794044	290346	-874759
142441	-162319	-985545	-583089	526788
-184529	-153132	243012	-158149	-640132
2827	129147	978762	-4179	843518
33206	-701299	570098	-124672	-410599
-378680	453310	66659	-603131	-804657
802148	-935610	177672	43037	-117533
-527697	-367424	-854674	-109434	275664
181189	94937	-698318	935827	-359258
-873737	-5985	938327	-118455	451336
869498	-690234	-960359	761723	-645294
-434096	558817	185895	166650	589114
387462	335000	-764721	998824	406286
-510014	545527	-529290	331150	-921588
21078	-776540	50999	646726	24977
-37038	165237	-365139	-256218	-590664
530053	-923127	959002	-139305	-88362
-200757	588235	973643	762133	982459
-961068	-897093	49307	-976636	161961
693025	507826	-943665	-812580	517552
-23721	-722167	-601112	661454	641507
141784	536366	134501	-589817	-26662
592775	-284825	62028	-695094	12316
-498363	64604	-642591	403506	-805960
-438378	32682	-447770	-198459	-950715
934059	584612	696533	219336	674478
710411	-152670	977181	845212	149288
-203047	-999759	-740318	649712	-464887
869805	642044	-399087	-332890	390415
881343	93088	94748	521889	-175041
-480551	-873318	714890	-856581	580111
782	684944	982718	-103542	-859137
-756737	823019	918148	-848732	-868980
198470	-428142	-185664	832589	-641586
922944	112853	-314411	40847	-612221
330179	510302	452055	-362010	-626976
959214	660385	209383	-62910	-847572
345683	348462	879890	-312634	-836857
-317366	-102141	-271739	734309	831254
185143	417370	235329	-20743	715907
147434	51610	358127	-701716	-328055
-447798	-578036	279598	-105742	828593
-733534	750593	-321536	592244	138596
91293	43727	676219	-941730	-485228
730338	951898	188368	-204127	687568
447616	709339	664527	989355	534613
-132578	-579265	-608329	63717	38299
610443	914551	459675	522256	52676
640920	181556	-575333	-792273	641965
294476	-110282	-567714	606825	-417038
-555882	-596482	-539323	-883921	-774626
745679	-830836	444967	478898	-630573
517712	-910039	508028	-855970	-692941
507713	-818624	-851412	950040	-217049
-206021	-878548	544794	463293	515023
-85840	-453768	-606761	824233	-42984
205676	242516	-772299	-205355	-941327
120574	-919352	550797	622241	-112602
137339	-294401	-638861	-945496	-204898
722067	-384790	-376534	223014	-931948
-220871	-932191	-695934	-635327	-653346
-70555	-336752	-221997	739896	418151
832990	-70502	433412	-187257	333306
514458	-184014	-845136	-876540	47475
-620296	-414112	-295498	-296149	758578
-994474	-174754	677425	-622453	-180075
-570868	-375951	66045	657896	-237019
342788	966547	-586589	-516668	223387
987585	-531900	-152669	-62224	-84625
453021	236194	58658	407784	-945715
944507	-678021	-533349	568148	-947211
-329583	28728	-302379	-859207	-543623
607911	-632312	964222	-993991	-236380
-636173	905730	-812593	479018	-280754
-986532	-235969	-87967	-127039	888721
-493511	-241494	-17705	-698739	787704
787667	-871108	414891	908966	743623
393069	850944	-463005	412834	-873845
690775	308246	-256937	-523906	-401467
-975912	569125	980155	-962187	630712
952517	469998	-942976	403861	397055
539095	603380	-528089	895404	437967
911606	274726	-222195	368355	-535706
433508	378797	-2786	-507509	693531
184903	89580	-621321	-334856	634983
-416332	-109526	-860466	-819673	-666439
-47445	84554	-638008	609411	-768992
-333034	314112	615193	-840050	53474
-925924	847931	700458	409111	266164
370977	48504	-333678	-59680	-268688
885937	759223	238351	252017	669386
912740	-295337	419416	-238785	-752224
-837746	-552921	789465	-971297	-367783
-46819	-895913	-604943	214151	-556746
-894463	173934	752389	986296	942825
-18930	-963615	-96158	813094	40192
-565885	-194355	-439570	938559	-397458
-377516	507729	-112084	600918	977825
938696	-81094	823140	-966265	939546
-948910	-822680	672904	767484	962442
-425440	784748	-354380	649555	-971174
-959212	-397271	694036	-260937	-629562
296467	940154	-222499	-852901	-565558
-256236	-931298	427269	-924927	-548854
-446470	-769849	549225	-191837	-5851
-435811	139276	377285	-844705	326895
-732241	901307	-372911	-315121	779953
-477423	-338553	-66655	468047	727967
352656	770759	-549097	-565068	902202
330578	252262	-29952	457630	-449933
-756580	482169	358217	-111328	179542
457839	-330769	927537	-174314	-420061
102046	873144	-417726	272693	-264797
32205	-224404	-488517	820672	372904
-140499	-410025	986786	-861338	762306
-383437	424961	81318	-625140	-536930
623046	-511855	298437	-1587	638633
621264	725240	5561	-699911	567520
-544908	228726	-711126	273306	921492
23789	63393	999891	690581	-79592
961721	740672	849076	-613731	-90505
-972927	-248947	-888774	-309840	30795
82621	-36032	298403	-635187	420527
-689119	-867959	12168	112592	-476204
-138016	-328742	533715	-814216	-766535
-173224	375592	608850	-875097	452475
119015	29422	-756750	920227	628951
880325	-684001	-707632	-341478	93045
683324	-71543	-943459	-436306	283305
-787967	-903792	609129	-947239	-225428
800490	-940841	280954	563584	546130
-958061	574614	-883010	934207	-462216
299888	155568	-631946	-504879	774740
-741180	-112023	2424	-158430	532546
210601	-252153	-761173	-887171	-16678
252263	-951832	345918	321536	851022
-227943	-981016	-188316	355263	342066
-463577	-694458	5098	-913243	660817
-755380	557069	312484	-317093	120452
936863	-227238	-52042	717009	543282
-416743	768620	-653226	-413381	-429154
-115641	-898353	927761	-853994	-255421
-598438	918068	-906800	81701	-392008
317531	-57017	216137	988041	-641470
654744	-678508	256743	363852	-982220
-204713	191859	674831	11970	-756765
590040	45798	817512	535914	357737
478230	-854616	-207232	468111	-462981
387972	406125	-794211	758978	507667
467954	881332	-83673	915119	333054
-194745	-485351	-81480	-156267	-279888
-390105	257856	394511	434819	-57515
-959389	-121597	999218	-556595	-248268
67629	26786	-505851	-915639	970896
951388	-130110	629422	128149	-131775
325414	-395442	-183524	453808	211010
-523760	-29627	175107	156384	-448070
517898	875444	363502	-4779	-272105
-209781	-69519	-849779	-705784	-92136
-966504	704233	-786045	30608	397377
136290	-49195	-471096	844381	-447201
-37687	-482802	-686493	-263992	983011
-540110	565400	-169857	-854730	33062
-259755	468911	203362	-362851	-637589
761136	-833320	7736	-512451	916680
-379530	849728	229363	585656	27073
-123791	-364288	672896	-340871	-755275
103574	-290382	-197948	918576	-894621
-601140	818948	688768	206085	801596
383331	642011	-984984	-780727	-710403
-487353	-786256	963774	604676	427619
713194	-960987	-508480	584047	-312820
-944234	611910	901595	-888736	337819
216863	-485094	-532649	804768	1679
769864	172681	-62482	-8446	719440
550670	-281203	-835816	583594	576549
-73107	158832	-378268	-835588	-693534
806434	831714	145098	579812	219183
224126	-479806	923726	-726122	-89411
-918819	-314617	471056	-323486	783158
-727701	976886	645704	-660546	-555736
330231	564214	-409709	-653125	6860
622516	-283891	175874	-462577	-82955
-590730	977184	-694832	-729317	722373
652586	154791	-633177	-128601	520278
937802	-478260	350157	-567653	482509
103186	19606	-645724	-719587	-4537
-668360	-552162	-178327	252972	578023
920059	815178	-772624	-943852	3507
-619738	-298748	946318	-353308	739597
49363	472119	497617	-342802	28356
-911400	-701358	54847	-470309	-465463
408186	572932	508252	-812662	-885990
-126447	96095	222324	-634754	35492
557515	-425747	353947	96279	-817422
283636	-777453	933874	517206	176364
-132565	-827207	-615739	270642	841421
155551	-354131	943125	465364	586589
607805	825408	240176	-754382	-360320
190732	-920737	972362	-473636	311109
-178675	528658	-943957	-821335	-241864
166563	-934418	-491302	-741811	581302
-543485	386114	-603750	-53009	74445
873910	893466	-178417	360717	-235030
-730158	671862	186999	372816	-800758
734091	179670	683126	-870421	-462858
-192955	253727	-10168	302924	-377130
-920619	-81535	-809368	198884	342230
893542	809423	448183	-270590	-394881
161478	221796	-393010	-354175	790762
-438824	-845954	199778	-971995	-631386
-800247	-618600	-999811	470096	-707092
362902	886480	-634002	383137	73019
891753	228876	746596	203208	694370
585757	360733	71035	881696	-983125
65742	-94875	873897	316374	984066
-820733	498485	525623	-22928	768555
-212588	-630046	-154071	524517	-560773
612534	397988	992350	730812	-542815
693642	59787	443753	385816	-52273
778793	-101927	660159	195101	-138056
873519	505079	871582	-935453	117098
-984514	306571	-594051	25458	-621448
323781	480789	81268	81222	158032
-400631	-253245	749634	-882380	776376
-742955	-734086	60805	-504959	985774
-146475	676352	478413	-190141	832656
-918749	-267305	-209978	675315	516035
646216	-436014	619382	-619907	-666054
-579261	344144	-8865	954419	-306163
891616	571311	641439	-467683	371108
89278	-972328	-149518	-306251	90624
-72085	895852	-841532	844282	-930909
-804331	682525	400879	-761217	619459
-742477	657038	-868845	812273	-52221
31456	-976917	-48652	-941280	-281966
717531	554008	28243	109560	-312561
-823805	888651	934697	-715625	-371767
252160	723429	638247	-430769	-618314
574020	526453	629100	335790	-760486
150400	558526	-770628	603553	-514668
-52855	272954	-121879	-573036	-122248
150325	-140672	286491	272174	-876493
953308	-377039	-143399	937327	-394971
-95584	176186	422897	383947	-463612
403359	-817449	579886	906521	-422864
-731201	894996	431658	-825373	453094
290373	197488	178001	660683	994545
403892	-885155	-554624	9807	779801
-552305	518514	-382111	-335329	-620942
375649	-47907	51384	-77097	-252073
135023	-961460	-491235	727723	524506
96527	829850	-430878	-381185	455674
849959	239696	98252	-567464	303429
-16399	-911030	783555	-37529	-455309
-242299	-171803	-772641	-938705	817677
-52687	-735909	96407	954547	-392130
748591	83250	-739019	942746	-308319
777556	629574	-612821	-877741	173537
-72646	-526995	284333	-859935	948800
561017	-293606	833968	-394461	-583967
357503	-514855	-623500	-325903	900758
720430	824829	460441	537345	86419
387397	945276	158499	957884	-831780
-158682	557088	-374050	-754018	-88167
-149400	617853	-395992	791815	44768
-229177	285	-953399	222993	-278198
-429859	562855	-322850	309507	695595
-596203	-298573	-53703	-474881	87564
270775	345651	-307122	-429252	-853544
-228661	977651	21960	108388	748991
736256	903873	926867	786580	-185394
866558	686722	-586883	-789956	392144
323515	-90858	-869787	764209	-85159
-367114	-157265	-30444	847450	-323915
-810152	-413126	-868655	359770	877148
-703189	-92928	-73210	-265126	149488
24698	800634	390295	-75400	697619
-529095	904162	-70884	673021	289083
736575	-167475	-517433	18504	-755772
-375939	-27567	-38959	430172	-236600
494407	-887551	529704	-78839	-796008
314789	-351640	599761	487634	425024
634518	-168481	469536	978727	385967
973835	489773	453531	-144069	26191
-848339	479505	252303	662915	-242125
438808	-407331	599653	-850590	-138665
-331772	-783306	-606550	294585	-513148
-59162	-905113	-231146	-857207	660186
202869	208853	792173	530688	673581
824759	-854740	684200	-755322	-113912
705900	345701	695719	916514	-111922
-335756	-355256	-299524	453414	-945958
322651	702063	-298224	483969	81035
100147	495046	654128	158932	-862232
-396321	847721	59567	458180	330847
-190082	681616	880091	464539	-959018
-927793	747085	-657588	522770	-500428
289862	-206371	-262921	-957285	575869
-564713	-869110	731136	189971	529080
742583	451035	-249929	411168	-621804
681390	-891536	971308	-575630	-567547
933330	87696	-210018	393025	-688712
-457243	583224	-906273	-43599	-637684
-299643	-935571	-651851	-146572	-910277
481213	311923	-708011	80699	929892
-1920	-442879	-96382	380557	-612436
370725	280625	127461	763862	994388
-310387	-443314	838032	681200	-366237
89890	-122004	603661	-60760	-533058
-458319	466103	718106	-222493	-169851
426373	802584	552097	-46304	793485
-821397	-606713	656223	996121	154552
539161	-123728	-539523	-875259	-18067
-477573	609283	-239387	354866	-247126
275941	381952	545711	-675937	-530797
-82275	-889791	383155	599064	195817
911451	42452	-933947	-336008	-363361
590149	-453849	819115	-74252	401153
-602191	481020	276226	-55501	-228281
789665	-769787	814788	-141113	199312
140682	-879849	-564818	591519	388134
-342774	-623898	-522193	-812296	-105690
676954	-847420	199797	-572909	870163
-784967	630780	745148	698673	19386
-552327	-501624	748433	491369	-841220
-882872	-811203	-649511	805952	702374
-415101	-250115	577399	-88411	594718
191682	-947490	508957	-328379	-10995
809156	-694163	-879562	445756	-372579
573944	-621055	-619691	-983223	-407094
964064	-227926	966436	-694017	196625
308376	398622	349985	7228	-577800
-603683	-361593	173437	631741	475171
-821434	-161859	-92815	-755187	-40475
405475	-200841	122305	299692	-834095
754294	-101781	960627	837158	-598254
902389	924501	280180	-804307	129398
398130	324376	998059	-460638	-826633
356400	672651	843612	-194751	-595166
-526548	872226	368301	-832858	565831
-727657	-5723	-2434	-510044	987413
539788	-206734	-478599	933833	700062
-856538	30856	-635268	89696	554312
-127275	47935	-335952	-460793	779266
-383890	-871225	886007	-994716	-32440
-645512	-159368	897520	-562748	-294815
2273	291632	245047	709102	575280
31211	820466	-602655	73320	-253023
699963	-804928	69102	-722705	324074
-619700	-901422	162665	372586	712177
254183	-69437	475213	941580	869178
-386753	-876546	700352	-996051	985750
-732068	-589355	395764	-325686	-61270
-452531	-520258	-973871	13088	-117440
-113745	-403636	-433248	25946	25965
-365315	-207147	-119307	-350417	55967
849912	-451080	-494583	580628	-498579
-862736	62939	732680	-902887	445863
-663597	-102447	-999676	-224469	-193118
-657874	617757	579492	-443777	-682544
-631250	-41031	125302	-843594	-503351
-889487	706310	316113	211303	-854784
711084	648700	440499	972258	953476
31818	-526041	-871771	-823285	599473
768385	-329657	-723312	564820	66028
980201	219527	944350	362985	-686666
-120046	599473	-192890	515907	-460990
-866021	745965	-194191	-637506	-408959
-981238	-154231	438402	-606380	574690
946264	-573672	72831	-222464	-112825
516660	-346483	-874114	-794054	724938
57768	-981064	-45841	-953039	382760
753418	-302705	558022	658963	-523752
-326042	-31683	29140	-778432	872899
-598917	626290	-552771	-236826	-675159
413776	836791	486165	-587718	-432129
-576594	95988	956138	922919	-870850
614915	-865009	-978431	86438	529992
-60287	245627	-151165	-405351	-962853
686782	674531	258490	137100	418757
-80512	146455	-506068	-578488	-115758
-716916	-744241	940705	-601186	-864622
-374974	-478735	875856	-911493	299862
-953351	318037	-202396	840613	-989210
-582401	809481	-98906	-868937	901807
451654	-869797	-515861	-212845	22132
481933	605205	-565538	-553916	677666
-303943	250143	253658	-135220	-861046
-359435	746352	-675292	-494150	-351341
895869	-567844	728014	915046	-374775
772331	-831526	-915530	312622	-895705
8674	-575400	769437	205223	228178
-766985	750448	622246	-155525	-979450
983708	-520060	45631	-758222	-755213
464752	-260225	-25643	-829441	-25418
342646	30518	853151	-822666	251548
363852	-950175	123437	-31506	370025
642769	-533314	-424935	-378587	228949
357457	-713383	-854151	872551	850625
331992	-366341	602365	740862	-208796
643278	-516234	778871	-482767	47415
10538	-421377	617382	-210133	-156517
-781840	238940	991908	-54138	822547
386642	758561	-452942	583983	798752
-871786	-60564	-475273	877733	-812848
-258763	550352	-542506	696400	180376
542728	120331	436029	201427	-35693
43842	-702352	-140744	580248	563369
609518	-614612	172135	425432	588862
-769883	-965795	162259	-771491	595879
-604009	747316	-523804	-363455	-594810
-844240	-797211	173139	-443297	-312170
205223	322708	-175537	436152	-566437
768726	570658	-317534	-460934	-943019
-598926	311996	742029	-349362	-111241
538379	-61591	-612356	-971107	-241831
-515844	-105524	869195	376865	722135
244498	-817298	-527277	-808865	865248
-573369	214191	-883594	894230	240818
-172358	-722453	605520	221758	-313148
-646810	39497	-139096	565381	-865901
743902	211221	547385	-231923	542953
-881974	164268	634065	209354	625741
585589	-175461	540712	561222	166276
-169598	899818	-235392	-403781	986523
-329408	-751222	766529	268085	711871
942981	-707200	-337613	-722685	357735
-212207	-317353	-130917	-785985	609740
47303	-44116	597585	-578125	-144750
74656	124758	274400	-562812	664613
690697	-603136	-272560	674161	204810
-523926	473635	978749	-688621	-743014
-22756	-926904	24295	-438310	-363750
-471025	-98824	774793	-933740	692107
-578485	-216567	-281115	-78829	-179545
-962381	343680	-656980	599987	81855
53071	584912	-215546	-646106	549065
223873	-228921	635315	618240	352603
846767	-901319	80933	-789727	-47201
518717	-332116	70614	447667	409104
-825652	887740	696786	-865875	891790
-231920	606236	-388983	-424724	-672039
-91764	395678	-684369	-796813	-236109
-576814	634786	-234836	-683053	61762
-625679	-112567	479285	931837	-721394
-452410	429969	-649843	-185267	-130391
-30149	-368073	84232	-474226	709697
-927528	-300748	-710856	-296614	178944
-941574	511535	-426916	873654	325158
-757754	955053	-772917	340016	-381642
-970913	970542	30379	673023	-261611
435377	-496423	-166270	342316	472005
-611313	301786	514250	-989044	-753505
-868134	529730	480393	583117	-302605
494178	166056	-126627	271006	505746
-945740	89794	410386	-478803	-782749
461003	209956	-420071	449859	-170641
-617968	-626106	-973775	-386407	-241966
-828983	523149	-42690	543764	988546
118914	-904537	765431	-951660	20121
707558	325503	836144	-581511	-599011
-849924	855339	-807267	75494	-617480
-640493	109595	856219	42835	-229917
-867760	758422	-296930	-639001	513700
-686962	-427683	-388382	-394452	990382
-254341	-445998	239613	847273	887344
-160779	-686079	274291	798383	-900575
769831	342332	-915893	155725	-215200
-28774	989361	420588	602402	-359406
-85270	449468	896381	-736358	501484
37888	720638	306407	-148927	254257
286484	295457	-438096	-788765	-955250
-410991	635441	971447	-302712	321776
81257	-179633	-666004	-342098	624902
-144149	-447286	-129544	-280541	-989686
550980	-187773	468808	184454	-268364
727768	544015	640481	-574995	454581
-933478	-342436	-304438	-433823	-120034
-632528	120184	726726	993818	777016
-619030	276573	134967	346516	-440319
281606	-937963	-445248	-709596	754059
-40137	448458	-88535	678612	-993915
578760	55078	-999305	-208143	-94220
-911159	-842538	105240	634028	-555111
749826	-239100	643652	-963135	804224
-437191	500727	-385532	-729304	-943206
-855459	-399968	-634115	-157781	411343
-248429	590134	936577	703416	121672
-755914	709621	-514974	-916443	-391831
93579	531495	-281450	-535826	-234556
37850	374457	-875014	899906	-80845
493342	753407	-585604	-132759	-668837
982125	-129968	-997410	-104069	984965
120570	-233499	288170	217259	595776
458751	501427	-797231	782367	-60158
575324	507313	991228	-369501	-544695
439342	-122825	256004	56022	-578039
854670	-218601	690063	616605	-938347
710155	-979440	-214474	682022	709233
-565498	113313	-48458	-412466	-276294
12501	-872488	-839288	302162	808471
-137190	-894233	93525	975902	450018
514774	42602	-415049	403226	746716
618355	898092	-768829	998591	380889
788514	-733853	131420	-485437	399617
-201393	-210999	-353880	547934	982289
289988	238410	813714	523402	-158295
-180729	351384	18881	570700	-352508
508487	531660	421462	884326	40871
-981291	125777	942773	2201	-216523
-871420	-427861	-876368	-34566	-570690
-146582	235928	730668	267625	-686378
387884	521542	780788	-757979	-703902
-263691	76435	-786842	969592	796834
-34629	-357457	-135842	-902249	694496
-889585	454146	762025	-561385	357751
-217529	606733	-583600	-625956	595527
-565322	-23146	801416	-437766	-302421
924237	-309637	-9749	71855	594084
-858658	-95494	-955205	278482	-420283
-614138	54387	-776609	-284896	-918632
-363867	-496230	-306942	753684	542588
-127068	954075	536894	617987	-309576
346691	-579446	-466420	-341106	981360
151450	247850	-689005	258771	37744
-507938	263344	54899	51464	-606069
-596041	534076	789025	242239	-791490
-767729	-356552	-95106	-290417	95942
-291621	-76261	126149	287569	609414
-630360	437688	464899	187074	154357
-669410	103093	-885932	-443487	-455865
945802	377253	-502182	-109201	865577
320579	803346	-391009	-828441	657646
-614067	-681604	-334496	82648	646552
-989511	393707	50700	111365	274458
-676309	-609799	862377	-455147	278814
-733619	310353	497660	419627	-158050
197785	827064	-455460	-621644	550236
-637339	-195347	-521659	607076	99121
-501972	-139010	535859	-697935	-262394
-348324	386749	635900	-913954	499158
493652	-711578	895561	-272456	-688258
658067	-60878	381422	614677	925313
895130	-235899	403840	-510720	630412
-432917	-934679	347632	152111	901748
670738	-133814	750964	-630245	697124
-357296	-204313	-247035	-789646	-53782
351163	716690	432194	-378353	-234124
-969323	264478	-100199	249828	-107922
-889844	-819139	-854133	132204	-642391
-543041	-100770	219439	651033	804515
958999	-869994	-568506	680990	-934919
-439841	864315	-39959	-631229	-568409
970825	-319724	214505	799455	731309
-212960	-150041	879495	-776758	639350
463658	-92421	-119161	-893251	157796
435673	-933178	923205	188711	621939
-745281	-38261	-401804	-710555	355130
56117	898742	-287459	-232706	627942
313897	-889536	-266054	677345	239754
-983102	47027	-502502	-49818	628775
866462	12659	-174919	-909204	-526740
-818941	405601	216467	-636316	-268885
-599031	966088	-30280	-979550	-758098
842415	-317585	-99740	-330195	-78081
111806	394734	281566	573283	587384
792176	-829554	-705626	453356	332384
-272305	857156	348514	154288	-244801
385015	-295080	-458942	-123582	-143528
921153	-277237	419947	-700712	325923
902964	100240	35265	-260931	-24375
58417	-671462	649170	-710164	282130
763900	-738108	538532	-588345	-731486
281693	-386939	-527120	-476140	254303
-112968	444162	-227571	361888	504271
676994	-944109	572548	-349846	450663
-560504	-644266	-802056	591564	-133660
397107	-868173	-55739	977998	-136939
966612	-688194	167780	-734806	964236
-609633	867875	808294	-423404	873254
-562519	341154	-614071	-456439	142847
-211576	270385	-498779	966045	-636382
-497512	-190306	86038	-234368	-38936
-343680	-969609	223810	-59086	-377469
162092	-473153	783419	-647095	107797
-869926	-412878	710926	-117282	345278
463575	368806	948048	-199307	-912570
802317	-712331	-908886	219983	-859279
-492096	852004	-915306	307988	201215
-806069	-918844	654807	790681	-459991
-924335	713281	-730466	-30437	454552
39145	-623566	-523991	-77706	-129146
-56576	-263218	-245142	452869	880065
-623445	-880918	-109881	-758355	384673
-735335	-447258	741984	162807	659941
869266	-208956	-498028	-872045	-257427
170386	-571909	25719	586784	151590
127958	-67673	641774	101496	667859
-301348	-62389	-322065	-241881	807012
251583	-909285	632313	-822400	-76135
952959	562065	913094	-430442	-7747
948476	165139	-755977	377245	650967
259615	582343	707542	-724914	-119201
-330121	481715	-915902	-689111	405672
492879	450823	-675279	-813325	411591
971830	-306403	408671	870037	-720611
767794	243302	-529644	-200009	-586110
855860	-97404	340359	523602	290102
106564	-25919	635153	-516016	-275075
208400	776101	-247913	-373828	128497
-276954	679299	-262949	344256	-212553
-174194	220566	-896671	-144639	207740
-100827	-413393	-318369	-865033	-100287
-278198	837362	-276508	374498	965979
101492	-961658	-943062	879049	-188863
301292	-184338	80611	922868	-800941
-259593	325715	266618	707693	825149
-578373	-151158	864561	-898235	-548674
705707	468473	-888243	-337204	-917250
840520	-734918	-356451	6131	393707
-374870	-334772	-333199	-361314	-907074
-520723	291525	-586956	-790458	785488
715396	-700314	-326152	199879	-528179
780712	-464845	394659	622773	-721021
-849018	-355533	-387406	-371195	-494064
353693	301064	-937729	-947891	-1740
247639	226794	-907902	300597	477703
248044	908849	348636	-61763	640637
-327706	266974	116798	521016	-55150
589159	445641	-432109	-381740	-390031
-117692	-400092	924874	-920487	26201
-89985	123147	-496141	-679512	-314916
549055	580754	749092	-965071	796111
780258	-338705	-620793	471288	573355
948811	-252728	806425	-893373	-4989
892752	82577	-530470	711694	570841
564148	280920	86876	589938	-572623
686446	-869983	378744	93285	-578988
184952	-475698	473178	-781684	941382
-616853	-53147	-890669	984311	134220
-933797	738042	83227	975945	663764
156338	808693	-945493	796187	-685188
-301687	869321	707007	642919	332335
-735796	-64246	-266554	44639	-947787
865370	-307954	-777159	403718	-595009
324975	-125626	158949	-697390	23194
-527521	8676	-119437	699040	-861173
995327	633220	-583728	758963	760670
-917438	520168	-173359	-503055	669182
321966	532948	553294	-669916	-935221
327424	862252	225585	797036	-676008
388930	-793210	230793	-653890	60836
491232	-106217	732881	820227	-82448
887790	-708132	-83752	793728	-519279
960316	526389	65884	-490154	473902
-993727	176994	447480	420530	271962
-287525	-348215	852926	738748	973799
44809	-372297	636734	233145	177783
759955	-446515	738846	-94228	-476805
70335	-899219	-574323	849155	-126428
641992	-236976	-561243	-967401	536801
464123	-826243	423326	-444868	267591
-133810	415981	-188659	722550	638097
-468753	658505	-505154	-474806	343645
-16557	439019	820304	419412	845481
949524	-733226	794095	204087	149961
722444	474395	-744061	-477046	785801
-45021	-947676	-427128	-71888	589477
-886511	-357126	570678	941452	889618
-82448	-817975	466270	361318	-13606
573307	-378429	621874	396121	27996
417132	117482	-634322	-491367	-650727
89582	-608369	754246	850827	-280409
723751	-29139	-331476	-336711	-241858
192971	-8843	916994	-112079	533844
993554	168167	133220	107399	657405
-570432	589405	671335	680958	944376
587686	213015	-517050	938924	806957
943336	123929	637528	874948	-128755
829385	-860438	-448947	-717498	389555
-943813	233900	103629	-14247	511877
49316	285206	-862955	578630	262595
-557658	383403	112394	-756223	588398
-795122	-212965	826821	204623	690894
79562	-843400	611266	-903802	-657485
438368	126936	-976600	782971	-973716
591057	-39048	281896	-67945	307413
109422	300532	519783	-343180	-186491
355411	206489	-696510	-408754	873498
502577	-962280	757181	730556	-164205
-479364	-958744	-501786	-355430	194686
-869521	938545	165645	706537	-269047
803502	-883596	-961593	571981	75992
-443544	-658001	-918089	-83654	35986
-652596	-893058	-913718	851641	-22530
433112	-361272	592568	-853932	321683
-820452	326402	-557976	-423598	439128
315050	318252	-344646	517294	871678
-249363	-86383	323816	-502027	-566592
140027	-977610	-634249	196609	995959
568922	-939361	-372084	-432900	-5838
570	957303	-910565	-752527	901239
402917	-270602	970560	-854524	-923932
290462	-347287	-801457	625065	356712
19986	-75453	-432106	584594	-330423
-646836	320430	226110	806589	-512527
356573	331369	-160194	29594	-551900
999293	-190369	-904003	-554097	-947519
-265857	-200215	540446	-466885	173048
711267	-466818	-464887	-159799	-601975
948006	508335	-617240	-570317	-824718
633017	-992808	478945	43223	-914140
-453282	-766937	-815217	959755	-973275
327353	-586331	128559	802389	-599600
-831682	985071	-627226	-692021	-627561
618862	664506	-231709	-358208	-174142
369289	-685967	660938	217847	103404
-374283	93541	604405	-243506	784855
-367811	-437028	-825344	961199	473325
310098	-750663	443323	415391	949729
-583382	-224105	-693416	-592946	-554282
-780376	-593848	-361188	-467732	-878932
360133	252303	-321519	-783968	122169
630030	-113621	895743	-66939	972702
-894174	719323	287390	480480	-980856
898108	-644781	202318	-367150	723953
-871642	974799	-422769	736089	-941546
902325	729855	-596134	184659	-599354
462566	951085	-537773	-454518	708592
293017	-584565	850070	904507	-789733
-442263	452960	776024	-624587	178262
-986399	-58009	53470	869629	-67902
-343469	-133600	602760	496042	-97844
2430	-383834	918914	215961	-524081
-22492	-601994	-768859	116517	-350457
263746	-907996	-507045	673871	-132567
343178	822845	346337	-458130	595108
866119	789294	301812	-950539	-976078
785020	-75168	-399020	458197	-437656
-428367	-395655	267623	148622	-960788
324514	646384	581124	424595	-362913
-557798	-15425	-14893	-392961	368590
-206165	843048	365113	26013	-121930
-404764	-185684	126616	36130	964692
213518	108601	5683	324198	831038
-969258	-749434	226360	53844	148467
-914120	178105	129980	-583148	792136
-570033	255787	489294	573569	343230
-297614	-875453	611706	226132	946096
-496209	-759052	487642	-916446	-97529
160165	-949463	844793	858231	316604
-198830	504817	620034	739060	300019
-815826	397386	309444	199399	680210
878397	490780	-3102	-40188	-425927
489274	-885964	-582903	100071	-783506
-284302	-717207	-984207	-509627	-575068
-717209	868749	168470	260636	355026
-132226	43743	655297	253682	-984480
-49748	-216023	556609	-940683	746785
671973	-427141	-54089	-902085	462863
-309041	366271	61754	-381537	351369
-946083	-12371	525083	135968	-166158
431748	931857	276449	-801360	-162470
-180824	767146	-470214	481839	548198
-843430	450328	430021	325057	-944665
95261	268128	429361	-906016	664320
16828	913789	618366	-332695	591637
-260893	-177311	122471	285017	728777
-219804	-337753	-586580	751294	-545242
-530830	729845	-269339	-291970	-941879
-49918	606476	-337238	-934696	-164138
82493	-392623	-25844	-56612	786269
-449874	753066	222407	-425963	-40912
312967	-37891	623953	39706	-813770
629484	-633970	-619651	-810473	140518
734269	-822852	409402	-245149	-142272
532142	-787151	61943	529620	-740490
-940631	440783	-522543	441125	-397651
-481399	749182	-496249	-887930	-59097
-485782	235010	620613	-298777	-23059
672115	-465412	63008	-398744	703907
304137	-619470	-638495	-725944	435326
-169518	192723	517053	449987	-90169
148380	-444507	79681	-345921	-528085
-560647	172299	373858	157288	587307
-335555	485344	-776361	-202761	240436
-278733	591261	-877995	-996415	472017
-177134	-69688	-411325	448590	6289
-424043	343830	185797	-787718	333145
109195	-975040	-952581	695582	905988
-33628	38602	-787223	650538	241142
219527	265730	-24325	248985	-676481
717673	576309	807700	851586	145870
-942649	995267	689637	-646569	210581
469998	164587	-423240	688377	-939075
-905739	-69858	886521	-641132	-194590
-91227	633772	769297	-143470	-70730
-710774	-453620	525365	942321	-421972
-626700	-632139	520295	-219895	-419673
-725107	-436673	336424	912531	901589
-199187	406897	840763	835239	-467024
-138058	-886653	612824	3145	-367771
895666	591441	-417757	-318009	-865372
458829	36201	915019	-704364	126860
-79066	-405818	-152796	-745776	738074
418089	925489	-658991	186254	22114
-800538	792963	894146	-68545	-929845
-866883	-54398	320888	-429758	-548763
502416	-444816	952315	-737865	-87042
-769016	325862	-767506	762913	-363179
-127605	-820010	-598789	462763	397750
262960	729588	-352822	-713731	-971158
-15813	704316	382646	-295615	-77543
-613972	-484259	-808284	547710	-433992
-211866	-266089	-991782	474743	194091
-879510	651465	-779039	-299901	891192
346714	-792415	-636108	-198284	426520
-88160	-915521	725626	128417	32514
-182941	409643	-840628	-421023	-743428
174946	-236576	975562	-949391	-228455
-719264	824217	-839459	925511	887515
-632140	431152	367510	497762	183417
-531960	772660	167094	-321643	506552
-176283	518851	481267	164420	-20525
-915781	548868	-151208	395791	-650904
121913	-143633	-845617	351918	-557767
667242	-450582	259178	620054	431947
1996	7685	-200961	521452	-200164
-570471	-509538	-661323	-617839	678435
-776820	252663	220433	960838	-512019
677461	855262	173731	536466	855890
127065	-816577	382982	628557	943293
-765999	230118	-442868	906400	-733977
-207928	416070	-228941	-998353	919749
-546522	836840	679525	-110327	-395050
-196498	-722107	-477768	-149496	-294302
-346934	265256	-292599	-651245	-700377
-722970	-29494	-639550	410187	457290
-505821	707290	-882834	938789	977212
383442	974751	725846	3590	355106
577624	809556	-503280	-421497	-132057
-560331	-120608	-30667	-495944	-123332
-408212	-838047	-901367	695850	-181206
-146953	-137116	-635014	-142395	-243246
-421769	981413	-240967	45855	872466
615615	847360	636264	-752695	162825
-841176	-303610	-506069	-231214	-89996
900592	-628862	-491814	910119	-373001
-509900	-629102	248973	-824223	420221
-713631	195133	143101	855702	597711
599558	-897620	-788496	-232051	-129285
-74358	394515	-809161	-615243	90838
586586	885130	404223	-118824	247259
491528	241684	-676498	-120373	-240371
-452839	-891532	-696704	373103	-590737
623986	886516	-976113	-619642	501010
297462	780367	214948	253512	956673
813832	412822	-879430	449585	-297478
-994732	-529552	731050	282244	313903
603551	944365	932862	-316810	447200
389871	-788327	643955	97706	457669
-722984	648552	-276785	-518654	909475
122338	851107	217122	-503803	312521
-677629	614994	938519	-602200	-315409
918174	-652359	-462196	543716	975208
14176	-189872	555302	645270	-348487
208237	151368	234371	917334	462404
912297	-363916	-458394	-988810	-264727
526726	-802315	-719191	984926	-668346
969273	-888873	-639761	60108	-851512
824392	-959667	635747	-285031	695956
764206	-214003	-654854	-657883	810935
-973145	804879	-992857	-100771	822918
447291	-44445	-419610	-399165	211409
697167	-664053	845499	28135	-790924
-280899	-832803	-985511	848444	615669
916890	972012	-743507	5605	-531576
-981489	-261442	598462	-659138	-537596
324335	607068	649459	-860607	930763
-923367	822644	-603493	-228409	834564
-562710	-607408	810769	-189443	-543758
174584	934177	-469969	-239877	-277567
546711	542671	-66368	-428485	-668244
-675411	-845160	-803702	-712182	147669
-117846	972710	766428	741210	-138400
-472515	652432	931511	-213651	129139
716514	240695	-927973	-801382	-62558
-714892	-384592	-543574	314619	240973
-660121	-117218	235408	-20332	-607519
-141111	-335454	-910743	156804	570000
842230	858261	-531853	-37867	17458
341211	43317	-132989	-566142	-178315
459621	-171851	-545766	-366990	-166439
-911236	102438	572993	-861487	-622712
1127	-533870	307065	262630	-763961
-986065	-691290	924862	885466	-478127
245691	-11067	-414510	697297	-647622
386440	-486674	-645298	35055	-12408
479760	125577	445526	-767747	883599
-91982	-773756	-494521	-836538	376178
43684	-5070	344888	-16787	-983510
825682	764725	-726731	562185	586436
-773803	331813	-404213	-585344	176860
284358	61953	-660306	953067	-891201
757553	-520293	567392	-308269	848106
-246482	238851	-947436	569213	944663
-892295	-803217	337386	614969	-789468
-475022	-35431	-854547	448282	-60191
-12534	701716	747740	-626991	310876
-177068	412756	-483089	-199590	789206
-796074	540876	88568	-643875	514027
513361	919406	-635465	933939	-634811
-452313	64021	-52580	-399984	-744946
824577	758182	790128	544365	-311477
15091	-825940	216419	-108985	-33655
603173	-859370	492061	835980	187825
778235	536722	-67924	633789	-523620
-987377	779003	233566	16556	-614506
-912176	-491046	-397002	253870	-73257
301522	618389	92565	-179850	903867
-903129	-133069	-372155	-562700	596877
-225054	350460	-10042	339938	773580
212070	-457890	-467709	-813247	-978378
-255438	-622940	-593737	646435	276304
160331	-128847	136181	-309605	794819
875377	81656	79763	-683034	423750
670239	816740	-796854	4466	641380
745583	-407549	551909	-904701	371807
575192	576088	-768174	-564231	575270
915362	-178098	-382966	871530	-355535
172170	-776387	558617	227178	-978044
-922397	-365481	839495	-98962	44404
79867	582406	-507806	4355	-851997
-889409	62676	-218736	920644	905076
-790616	-262605	-459824	90108	-325508
392493	-674395	113322	5410	-647319
529322	105535	-646521	191739	34189
669764	381084	-453056	-715895	-758770
114558	-669418	625373	-280738	27185
-98891	302471	-186511	127474	-590223
-829681	-738265	-615911	-344049	748817
624506	-401609	-532685	-782962	-542516
96661	-544947	159538	737198	-324431
-464900	302717	-711626	-346863	-912415
-366190	863573	301425	-79425	-488985
689034	-424386	-47723	216941	153896
-786878	-32148	-552090	50934	-721060
-658174	80434	20483	540995	-221508
-904155	-489946	398661	484925	-256834
-647203	-415586	-857318	822412	-906863
816568	-171018	-180188	-95217	660541
928138	-539362	961737	-650559	-930788
-72114	-428382	-978019	-349415	-864863
-511297	879422	730896	-150294	-277448
391109	226844	935647	450964	-649302
86544	843729	-422694	846498	-176682
442034	664368	149689	-131342	269679
-100106	-344717	-89984	-138155	211401
-947871	-449436	-671980	185814	-10503
-191573	951413	-392804	44322	-639450
346672	964423	-265034	220859	-54886
7152	730436	-789749	240801	-879826
-536060	-759249	-34110	-42284	-691880
387595	-896540	-648572	-188872	835588
146594	-923324	-974505	-56661	934981
197643	-823219	860273	-251171	-306086
877586	890575	-328696	370323	854366
-966055	-539755	-916850	451938	783202
-888639	19276	-214932	177997	431139
976124	800447	123048	157352	267304
114363	147378	406569	29374	-760562
737135	-579780	193656	39006	-210826
297033	742409	-611946	-954505	304614
223533	-357642	-311958	-727987	700890
-670282	179139	-573114	-796823	-312383
67484	-752431	178656	-424322	216855
-975289	868822	-518002	-946638	-672133
102749	-442220	450143	560078	-245603
-824974	337495	202698	289781	82308
-10087	293446	-494215	565076	-915592
549351	379286	351596	-359330	-425227
-178650	-347827	511537	51692	-465361
-127401	-678000	-324305	202221	-571875
-323680	936429	-193305	-950029	-948412
-716385	879025	81852	-322215	223087
981549	370393	833485	-180155	550257
740454	-796693	322670	-856665	-258701
221500	-716715	-165864	901703	-605457
493659	632194	-678376	-214196	-868775
64448	-487513	191154	-772372	-856787
731675	209125	269288	-693988	694075
899590	552239	603342	-514734	-269272
-489417	194428	678158	-666286	-581052
213076	-842507	-780445	930425	-332109
-20085	-964163	620006	63858	757188
-894510	468196	220642	-688016	725042
-456756	36516	342567	-176977	-935502
392698	-226614	952648	232840	319896
-21337	-637079	568186	-494809	-703144
360757	-255373	-337106	458848	-957696
231739	-32731	495209	-947819	-221649
297689	-8111	741942	155085	845414
-117782	-919973	39264	-792291	-442612
-661947	-225605	-683289	478603	639411
-539270	-876641	309017	-699093	372762
842386	-273689	89519	-480371	-397796
-845906	-961268	372459	-193245	-185762
513269	-75513	-736615	-638341	-34872
-108955	-176116	-399355	16080	-969763
-902409	-18767	541567	575217	-264499
478075	763041	-237767	548482	799396
-125960	-379108	12012	-426209	474766
-365448	826607	443153	77919	171356
-33255	-580448	357354	-243419	-582411
320841	-624272	879971	-751154	966778
-169272	-252234	-707687	-166929	738275
312092	973527	79107	-153	-15761
-83590	-9802	951209	253143	-180997
254055	-480724	270051	180074	-100619
709013	108194	552895	-782300	-799574
-60140	900057	481363	801148	-991518
-294976	-497225	284775	11488	-685958
29388	300344	-210009	-889511	84906
-286098	455990	-826720	-386288	-7634
58354	219439	-889193	69867	96865
-620924	-493988	788121	33147	-896119
889132	780707	-229163	-281850	-134893
854411	625830	821224	726067	837622
-526790	410345	-328122	-698340	612376
-864440	975742	322909	536141	35208
-379397	-965883	-938389	-781794	-303590
-190387	-313822	624699	676812	-699946
420995	-122908	-592923	-680569	569916
-657649	789822	540849	-300330	-522717
-874828	-908452	-362867	-379426	-813760
958040	-362781	970635	-108214	-794975
-209548	443626	24898	279422	-85609
-888032	-313745	940548	-994931	-418695
227361	282814	790276	52077	-985443
-344986	645863	431219	518768	406985
-245425	218109	-268339	900304	968221
277892	106312	-667113	464531	576738
756406	714547	-210449	155194	768309
-333202	-709714	44395	-904864	995737
154700	-971225	-547573	514242	935521
222000	-582240	798271	78363	-564847
661190	-278381	-527841	708405	-917760
-385959	-682138	496506	816352	-751710
-366038	22821	394599	-523060	-26585
-238478	-351409	162958	411814	351542
553769	40921	-653233	-131742	208639
826677	277799	-955013	299175	-823467
590056	-80435	-992251	-604448	-717476
708409	915347	-684945	448284	951711
-443889	-407313	862958	-534569	576891
654506	320053	-365105	-828290	721894
592294	-489026	-35607	972692	-430658
-247255	387175	-530257	-719653	257857
-571764	262156	272922	417939	-202966
720728	-243048	-179717	-459918	534926
26213	930560	-8145	-437006	-854307
-610980	-913652	377130	-250117	462141
692750	-538584	-945465	-15141	-372528
650415	-43723	607115	842865	117343
-258251	-422535	15247	490518	111055
500810	-733536	851998	751211	-273710
467079	112198	271948	413557	-278286
360196	-551258	659980	-648867	599585
-695833	-972439	204393	-235205	-611993
496875	89296	324859	-12605	459502
439661	-844107	-259122	704660	-738562
716178	-615336	881112	478574	576027
-398623	-70855	255477	661834	-734611
-790905	-672224	674760	-970120	-347831
-543349	-637628	-965667	-393319	-405055
527746	75046	884748	-9705	430160
-54627	861	-229503	691147	-796123
-282170	405600	-101561	-613949	700676
-887642	613468	-335051	770465	130859
30234	439005	427693	-497889	-439776
766506	-363461	470542	25991	-665956
-784815	724373	-406089	-830294	796994
-584739	-852159	262794	-945706	-409682
-904673	-752330	-227528	-952131	421710
159855	62135	-723189	195579	-317614
666070	-872394	-27316	-502790	-858061
-698153	-773917	748579	-880284	-791092
354408	-557821	318389	714239	-231547
-286585	-504793	662417	-414442	55492
-595626	-364711	-251317	312024	-760109
-70292	99202	560452	-443229	447400
994648	-661924	931214	-943757	967052
960921	-119027	-144598	-135733	58321
444645	-404536	-190317	-871976	-655290
131250	164365	173094	-516039	-326151
955640	-953241	-956035	781049	749854
-536043	-958259	686572	-628156	242978
769609	594210	613330	-988450	-956712
436636	-659844	359031	519820	-300431
-470420	-782029	521569	-640162	716340
568303	938174	-401402	-196309	-720303
-8024	-774844	705716	272553	444355
-191922	-578069	-81874	263569	-671851
-159319	-946723	-489737	899932	-396703
617386	-459862	-790225	82687	-446122
-9800	461319	-749458	105883	-113124
-467854	-281442	524457	-490864	-703438
-28066	-743929	-108950	947320	-784577
404209	384173	888974	207618	-568530
39073	-7039	-770111	75983	400006
-726305	996179	-778335	558180	-978328
697105	-207264	688771	913664	-4215
876533	-49098	461224	102356	320365
599532	484999	-464990	830581	-500061
589161	739676	12686	-939039	713612
-503234	-298558	282002	566015	822196
285637	-523781	181569	365768	302202
-290971	988974	-151085	671065	266976
-789883	-305770	602466	-431328	-140675
-103516	-163554	-569303	-286094	867463
948614	949577	-633271	-150440	850377
333101	-799225	911719	-197381	129085
718151	687299	208185	-537749	-735144
-995654	890096	174101	597499	700939
71865	778781	129234	718496	-171730
901843	203087	-345249	784489	982838
-45032	-919516	-191543	-618974	-251419
86493	-535508	-221453	750301	-401848
766894	-940404	550883	660208	469455
452248	-266007	174429	139775	-859101
-555416	-163333	-263385	225294	-230940
109540	547050	553256	592641	-818879
-93135	359881	-107816	-314286	543573
-780795	-422807	319898	-621310	-967838
897025	-302557	-911851	-579676	-792807
690717	570342	-245799	-250101	847331
847453	548985	-674248	22012	-32718
-466027	736044	48327	-135783	178758
57402	381837	-379216	958399	-569384
-288605	304230	351634	594158	-542279
207553	-955136	201594	791774	268129
-293158	-749319	295099	-495770	-199922
333171	-664364	-598465	-592946	755161
-59327	492429	-371016	-80423	993224
-380438	-207014	-940852	-947624	-650088
379270	584134	-459750	-96611	651302
-528760	541975	838041	824388	-780472
-758903	-355490	-823650	471072	373776
673706	-157079	-314046	10660	-798338
159134	963509	-774412	439803	-969815
172360	-569512	268144	248907	516380
147588	-824392	-23608	426644	-942326
906426	368027	-646358	-617947	-579229
484245	-525892	921517	430341	907878
-553595	-975353	186794	-545758	-900279
-640446	73992	-648913	-860685	-244424
-938079	-409332	-52521	579572	-12155
-204152	367910	204636	231250	-229687
516986	699426	364320	860984	-405257
-571722	-773631	-428779	238426	437988
-82268	-987348	871808	933915	-499916
49612	-242449	-349977	-392461	573774
367575	-975173	362028	418740	-517137
-496448	414952	338042	-821517	877278
821035	-123308	-976218	-319549	-691412
996053	-589776	-183908	783327	988539
-464691	245107	-889440	936013	-120429
115558	179345	-241472	-12967	848465
280352	288349	763356	-190055	36284
912014	-274677	661829	-51120	-230264
497806	450274	773129	-866297	-340198
38567	-363370	-211588	708808	-225824
-59881	546877	775045	-875090	-696673
-828981	-319030	-167965	194625	117604
552739	696712	702335	-351081	-624490
-112956	-352830	-884258	-111199	-152912
-713584	849477	353170	-197779	-829171
444087	589653	673439	-333793	777085
-408362	-626130	143923	493558	-864833
-246960	550287	-578123	-803808	-157421
914017	-430702	-863786	-316239	-679143
-866765	827299	-137886	507132	822258
647698	790921	-993895	-428802	797169
507854	542056	174472	-958833	576835
92696	-876414	301165	402242	-343940
-300970	691456	-471272	662511	452976
-327650	611231	155136	-34503	436664
-50297	736841	-471469	-992953	-121779
83741	118544	513067	-732489	14220
479884	-238331	639314	-48416	-288147
711382	228916	805388	395372	119495
817984	-49760	-887155	-366328	-397836
770388	-699906	146588	-109754	795131
-500658	-760019	-851238	-211491	-214006
-234234	436885	-462549	722864	940114
763563	-380485	-560307	-211218	-55387
845715	674356	-433704	418452	311407
-919962	391955	-549717	-63166	-225334
-384962	-890884	-566009	667461	-966212
67544	-144163	-433923	-965759	566087
290543	-131829	363220	-835886	766260
579575	141304	761745	-216864	994895
46679	643820	-73258	-762719	-265857
478595	385860	188456	-50674	-524192
-247784	385811	282136	226581	230173
729850	-3340	674728	-370645	-502829
-341843	2178	-938691	132851	578026
-179054	537561	624814	168213	971188
-501047	-44190	-520476	-987427	-38565
67307	-408260	850546	-988321	413480
671282	-283181	421007	95141	9843
809030	-394430	-445934	199986	804246
-987495	-511024	398448	623991	-302466
-89677	-284751	-343478	819759	-413042
174436	502247	-791880	212605	857443
628617	939472	720791	512819	338036
198725	-451118	975968	381202	451755
-165103	-441252	537048	-408071	978145
-730044	-311689	-843162	-396418	549240
-397209	-866219	96228	-212576	616579
-99026	909031	-671111	-494746	-171733
-176559	123491	209448	-433232	-766257
429663	-590988	176615	870725	-473171
-606640	816124	56514	925935	-77858
489421	-683128	-732692	406882	-475305
-539343	442994	730131	958850	-188047
-328826	701572	416689	-568728	932791
-272964	522777	846956	341954	515311
621823	-439120	-110241	-707350	513603
512628	896870	-121450	64854	-303324
43642	-589212	-566429	914453	832076
879337	895539	690598	-108104	-1547
91741	-958318	-102494	-215049	461186
-231016	364072	623768	583669	191821
727683	608893	-421607	-646684	-256415
874154	-701527	528378	933896	668707
-813031	-760466	-280404	-899429	-592552
-74317	-136482	853235	-520360	998948
25739	-872500	34079	-744583	-108633
440918	285615	-968170	-740442	-964119
237564	308583	-510311	-33949	-444893
672204	757627	928411	967500	866034
131987	-909590	995624	-619619	-349482
971293	-789483	-886496	-737997	91224
89192	-859938	-88052	45434	318654
999437	-8239	-909015	-512773	197831
136259	513831	-50671	338199	246904
-868652	-894028	-643015	-209391	-652592
-574264	189225	270258	-985009	673260
319532	990739	586576	176211	-90050
514722	676147	-462700	370490	226392
-944524	984619	678450	504254	105329
670362	783535	935111	-805164	-849626
-546799	598275	-716145	-805549	819736
-316088	827219	680192	843665	-305619
-503460	-48599	537176	-545421	-945710
-89484	513107	-848972	-237638	162474
-402149	-144980	148313	644469	-402728
-892451	283001	-723532	-490386	357045
-538762	-760530	2109	-371507	-780546
-223549	216872	856087	-876915	-624734
-174600	313935	334130	35171	312203
-418451	295602	995525	625183	175080
-559862	-750578	-567203	-820349	-386198
452758	-455901	878153	34230	423952
69263	895359	85553	972191	445571
-389272	-466843	-307428	-609118	121533
885525	-921880	-996615	-122845	-161468
121252	687309	781076	484286	-159889
-623210	309459	6157	65212	450162
216223	-57238	127490	319613	512940
-738652	-395527	-468215	196787	6512
-18228	312248	-325151	839130	292622
896991	912178	89988	863729	-85025
-765392	285827	-502554	836887	-856227
-667965	-762312	-230861	176441	-800272
-762748	495005	928041	-974536	-201365
985627	-894053	50444	96365	-196002
969532	-448369	740915	816428	213291
-651760	-585671	-734094	-353512	-273807
275831	-260372	469284	-838955	40824
-163376	91990	219117	-499223	850760
652809	562356	-636728	375008	-686697
605625	888879	-306921	-723661	82649
-110241	-645558	-363792	-961760	-663067
676762	-859977	-836623	-179517	-400186
982875	296958	24861	82085	335541
813425	384424	218995	-184371	-830940
-509652	-87038	898065	794394	486625
894220	-282761	587493	304400	107091
623685	-492456	124880	460489	-385131
-409420	608691	296254	356058	815035
-844705	-417603	156321	-752358	-773336
367880	50539	695934	-838112	-905539
271133	-628041	154069	471054	-276235
413711	224385	-77004	-390018	159746
974728	758805	-542922	433273	383261
-109742	-413286	115812	-642242	-586340
524361	859175	458269	466756	-826942
-850911	797450	-547826	66989	215249
-919787	339394	-545687	549342	822049
-552622	511287	-713725	-599212	8615
-55289	-534264	-308804	251220	106372
371489	-73406	-209008	14003	-669646
-250449	-598007	459228	384306	672736
-578971	-716544	-96964	870442	600456
403550	88464	-362427	859395	-399135
-149915	819339	-814326	46396	612919
-363376	52365	501270	358663	83837
-156785	-818719	-709356	949696	-853865
835536	621292	-989955	-616423	-18085
-105338	-867045	-887884	672768	604606
-639284	773579	-49953	96998	234243
648930	789008	-912378	395662	-791280
-851843	-328619	344213	-855613	-166495
637480	-740009	33585	-51043	-798707
58435	-115984	-248062	85441	103161
970289	679976	-531955	342231	-390329
769760	-452827	347297	-130186	-938627
-4983	786920	23287	701765	601082
-819578	542176	80628	883769	-72237
992687	165165	-159445	-508738	365473
36494	-709464	959482	-819500	-687258
810795	-396085	-849294	894677	812295
-104309	21601	-413762	-273982	539653
882531	305158	-494468	-542003	200632
-383809	300263	670823	424306	-615057
-697245	891145	614327	-201848	13746
-628568	-941425	-837140	480978	401480
-526711	-928450	745970	-622249	-54490
757141	-955712	102913	82797	113789
961737	198124	213378	380019	839713
902403	-24853	-385118	210369	-375061
-795232	-888587	-653166	478708	341909
-975536	-925061	254318	-341660	-929432
95691	873872	671540	569562	814022
-348992	516110	-873338	-87890	873275
-362910	-370254	-646184	167876	-775251
-823084	-232026	619478	-719057	753861
316503	-534933	-696710	-116681	-354099
84795	-975054	682960	11138	-831110
251380	-516402	-634942	-585425	553607
-714554	-637965	331725	-873812	640456
189890	-239413	110329	-591752	719619
-501076	472314	-515449	949242	-115334
-640403	-79673	-838899	-335669	-772514
-271165	331085	-826235	-370563	556598
996498	866682	826000	-733824	-787213
428567	-340523	856354	359126	-277507
374244	-203744	-329797	997417	-269671
-466170	915987	166297	204145	34871
-879631	390451	33033	428783	206982
781983	-560682	568537	-883164	-49203
-407670	-586823	234204	932591	-236281
27825	806298	-740743	-331702	528452
257748	-780027	-998952	893810	-491533
-880310	-152660	792705	68778	76075
-204539	-694270	-87770	-580490	456584
275975	509234	4801	-853307	-626540
519536	765673	-374673	14074	-170135
-592881	-991082	147942	-433436	-571198
627617	258146	-449438	631395	269586
158044	-77765	824211	-507012	638495
-639677	494056	762155	-911023	-15582
463912	288371	-23018	-350692	859485
-108860	-547796	117018	713498	-501245
-775166	78722	959448	-433879	580272
790988	634014	627900	826052	-645986
637439	64667	-773383	-589935	544241
-66796	940415	217992	775746	-973490
-389341	67959	-160513	241247	395240
11997	951273	538530	816582	743457
830479	-221062	-221384	173504	995292
477991	-131005	-365212	-762719	5775
124723	877456	-206094	624467	-210569
-866053	920422	964273	931913	711857
107795	202686	-335183	638523	90304
-938118	268164	-321383	-192256	-153519
658873	499235	-144751	-105299	-590610
-1048	589083	94379	-102919	348672
397677	837731	-331733	873783	-154314
-229855	53215	-528211	-823133	765014
-798639	-498384	-911814	-876160	-667
-225719	-209173	-139088	-937114	473748
-984281	-986005	474457	669202	-843693
-516635	-59388	-861930	-732610	-31278
796495	779507	314138	-817977	-918049
386108	742332	-134785	110406	-748199
-659980	-89548	907722	-657672	-344218
663317	556033	693549	728159	933094
-690794	198225	933342	-404938	517001
-597418	776336	262636	375882	-197561
175144	609154	-343519	832714	-122036
-479506	380516	-745839	-89969	892627
777382	-268933	969023	12783	-623218
-92845	865789	222672	790536	-932616
285769	135858	136012	-384407	680132
-650695	-2531	466359	533717	-925404
890726	578840	-731051	191721	-25063
189861	344664	492624	664259	-114830
-934950	-102412	-813881	476125	304843
679112	844648	601197	-195173	-816836
-782328	646085	-707826	126928	454051
538381	808045	-829728	-494107	-838816
-639389	258044	-738662	-940384	-529072
-158868	-687745	-486888	-118435	-424488
-193702	-747875	949260	860639	103650
-828586	338704	-452161	-648778	-913796
479258	3757	625269	453943	217254
201387	523107	694399	-56881	867731
-744794	-550120	366155	-635422	-829588
168109	-417089	-455233	-460479	-900259
588011	-849738	-268172	-184035	-484320
-683015	-418737	980093	-492509	652525
-846865	970647	-52335	-272874	416218
933704	-701848	-174728	202255	-685990
187742	-906199	4435	89859	781645
349132	251826	949287	542634	678897
-564991	-857876	566830	458798	-353371
330841	896407	-612190	930106	800612
449150	611007	824286	-822358	731670
-639252	-797528	-158449	-721023	-999491
728198	143361	718356	124054	577339
666108	-403773	-252677	-536775	-642218
158932	108557	-230254	451860	-16346
696306	274425	-575744	-226092	129865
-873109	656201	-532551	-74951	477131
-523298	569526	110510	278962	159036
300301	-980135	73542	-552873	-805609
683367	477776	-891722	328574	865624
731903	-792263	-831905	556225	250382
-999417	-820777	507324	503008	-904591
-646879	840709	220403	690565	-436161
-975526	-74852	178044	226067	68586
227017	627475	751518	-138561	63841
982265	-884598	-471063	-310338	360724
70949	-323608	-573855	269828	-163060
-355900	-91562	-375888	-832253	-95836
-791957	74182	682602	749665	-802607
146997	-332733	-211417	592426	-672583
781598	-186525	-680023	-851416	621019
-919475	-475915	-14793	864530	950048
958930	-223752	-464297	-644442	467027
425094	-899690	800982	-160960	-87476
-539056	321888	229780	-615874	813541
-378412	-737709	764090	509962	-864577
597325	654863	461498	833484	-772251
-251190	624235	770133	-13843	-203345
-185033	104914	268354	-175308	-92298
-119385	-657948	-936354	-320022	49491
493720	159054	996578	-255168	-481516
56091	955897	987822	-88451	-561936
-444946	-284681	296532	657423	-58020
281169	369085	-843434	-691123	410874
503675	531059	726473	174817	-368718
768732	208532	383173	480503	331120
861907	286256	-903281	288363	913900
-251784	46555	-220600	-53060	995035
541139	28402	446820	381674	300596
-389000	313746	621398	-116417	776702
536651	-134468	121165	384484	-899722
-379585	567916	97198	236947	982703
-122271	727220	-463882	813157	945482
-107377	463009	236067	18936	-63475
-62130	-201144	328640	-270567	-508150
602243	343724	-6055	-901683	-283108
78537	-492402	-827000	848989	-93566
-549381	-123036	189556	-737926	-340917
-25518	858026	153565	-90349	833342
127460	-506067	-792805	705934	-89921
475146	-767319	375066	220276	569421
318881	332027	-925269	180564	-583674
578906	601184	-865722	276747	181410
683910	143105	726475	-802256	379813
236347	-7518	62400	-906679	521006
-668837	-705602	556465	294843	-39264
-867277	-854325	127184	10236	-349552
894830	-190649	517495	975111	540965
220433	-588276	838378	-744129	-162001
272072	-63594	-149096	-965978	846565
-299837	652387	654871	-403639	190245
751572	-354715	-824379	-172040	916939
174018	753197	371283	-110110	-307225
317714	-823619	111391	-560785	-908675
-887412	678621	-566372	909494	50725
-870930	310500	-396365	826563	-37190
-337466	438540	829121	-690855	870136
119784	-601970	677299	833622	-181098
332707	792310	-24281	-131426	448674
-716877	-121896	-280186	123017	-268093
54685	-504279	-504068	834180	-696750
-877130	-705011	-875910	548846	-270292
634365	-940513	-775317	-191836	-561932
-85280	-358612	169038	-894319	169828
410320	362008	276347	970843	-179024
-210224	-111686	-586286	-164189	570603
736651	537971	-460326	747662	826924
379140	271028	-543506	362778	436723
655269	791979	-979392	775983	605102
-707123	625491	288259	708475	315071
-200222	78730	-443293	216985	-868967
423429	-224245	534447	-184731	378409
612369	-435620	-455863	-961262	195302
782461	919458	-453429	-746218	557880
669535	447653	-195388	640767	532961
-408817	340551	-970706	-966211	507403
382464	-100093	-424079	806127	357964
-991448	285072	651516	-759882	873628
107545	-79607	-786773	224857	-229691
653574	447994	-184375	-909838	192169
-336834	304042	758748	26209	766134
-399853	768344	668732	173974	417977
-55895	-141994	260761	297739	-982806
871970	-872373	-672939	-575591	742969
300459	-854726	687016	-542295	-400103
-108849	-988658	753266	383350	994460
91012	822247	292023	-571178	-319981
-420146	77578	481486	505644	930836
69440	225842	512991	805914	477031
808877	-820897	-937296	-562844	-55881
397132	962038	584857	530409	-264859
-584378	729042	203569	-546977	-365059
-355656	301856	-405766	859457	-508486
-940491	672792	928571	395856	-313489
556468	-352401	589394	-130769	840536
-827165	733736	-546362	544570	852180
629370	620509	-150479	558608	-904948
-410931	-681670	-750891	471707	-868650
335073	-551373	587967	-754579	181218
616896	299622	-320440	-792664	-764398
144493	766290	323869	-689627	292858
473302	-21414	124049	715077	-404147
-640899	-812651	983850	801501	886878
-873236	267027	-485746	-32442	620102
-304767	268423	251713	-799016	519038
39576	-877510	-112599	302256	-156437
203193	278690	239699	190211	554492
681994	-766142	553021	173433	782294
552616	-811008	97676	-163765	-35167
-129539	-308455	366269	-368976	886949
-931018	-80997	217850	577228	611969
453904	-426774	749067	907863	102562
793278	711745	437696	784042	-859889
272327	-764370	109920	543275	987910
289567	191732	-513622	-113733	-612532
-361883	569254	-388904	453150	286897
157819	295405	952643	-473519	29216
344741	-690783	122540	-699862	-359075
5670	360279	559850	-979275	856588
868902	230560	997181	-503516	16582
49995	-452611	-291458	49246	998498
127323	-362348	-801295	244794	-807754
-918717	754092	955925	195512	-338679
-811121	-1866	976901	225927	-634047
-831756	603255	-81182	-587365	-333284
199615	-344097	-621841	-450265	-159117
-14469	739549	-726257	945966	-927845
549189	344037	-876192	-436491	-145698
-611983	-837099	-284656	936967	179978
708703	-589355	474178	-29018	169827
-803911	702418	-188322	-638551	-901428
-54489	-43380	365639	-701212	360003
655704	645009	688707	-419067	-191014
-609363	335965	-375109	129654	-224632
425110	631702	-178679	16696	282384
506703	467778	394130	619317	-975104
-938172	-319195	204609	-841201	-903204
-490489	-35264	997728	-477740	368097
973030	664521	-173336	742704	996558
-104986	-363639	-257560	487562	400448
725289	-801141	-92175	810901	939808
-966724	-477347	-514154	-232901	240002
-203050	336829	199179	419257	883749
-543010	891737	-489574	526654	-916235
-670899	-61349	378274	-685502	-545801
-302597	-183220	-975110	-473914	390313
481848	-798735	-769453	-673254	-391662
-271635	50844	-10147	406682	662019
-348565	220496	733368	175032	863153
225328	-338029	-927480	342944	805644
-424446	10004	-834148	429418	-843655
-88310	470722	-112337	835132	-611890
-318516	480160	701553	538324	379365
-964790	-855761	205041	795217	601991
277252	761317	811548	18000	432316
959090	-239533	-406721	-398787	-177504
-776030	-614817	228062	765121	148040
602475	-631487	947509	-323991	-67227
230337	491119	742166	-521888	-842074
-254286	39291	175164	678859	-171497
-42993	-962559	-409245	-712541	-579924
-712173	70871	-869577	-341833	708774
-709875	-910948	958858	-35487	-601444
-387748	-729558	-7413	-304311	458407
-931972	-939980	-84576	-280201	154478
332105	943616	306780	515767	376778
581829	766693	222666	591884	-664826
287222	553517	-188358	614878	-599901
892097	-616270	26799	-679934	842697
648578	712632	138361	641127	155692
-41696	245501	415232	665702	-850329
-138232	-62721	854913	-423944	278916
-685714	781361	88876	-447509	-145720
-134647	473474	-494149	-37465	-269313
514596	852606	609455	118724	-925253
751966	642811	293578	-699057	-254506
930647	-271655	-757719	408826	-831136
-620413	862815	-476452	-229529	793761
-890164	420427	417306	511897	394240
957836	485495	933379	631626	-803163
-617378	165671	615057	129356	7226
-419198	722138	-231161	249047	542397
-435720	-977852	837309	952793	95224
556022	88412	-11910	978278	-703054
653291	774379	-199350	538800	-196431
668894	722194	295720	-127328	584005
168515	-231048	448879	31879	442069
717272	623315	-197547	-887527	996801
883966	-679795	-592774	741499	-94820
-793392	136862	954459	-432730	9771
-642700	-710386	670433	48893	618965
-650604	-730524	45789	-47984	305387
675657	-629505	-281998	-773538	995490
-710164	-347669	-43953	-983775	344534
883289	568329	-656178	151456	-769861
695120	169425	-660471	-576774	-117222
-752601	257563	729989	888662	-758752
623731	230060	375649	535410	-292394
359721	374212	-668190	778617	-93428
19093	597799	-784431	-496460	622576
562653	897003	923070	-833639	782508
133492	-59779	377368	-886911	-963446
500280	-968775	-628495	180409	-208495
302326	-458856	230490	-544076	-832586
-98200	622282	824576	-983571	914394
-821151	633417	425209	-269967	-675721
335612	-904950	-783472	-879747	-815002
-738155	-871886	613864	-732654	-653674
362357	516570	-896608	816702	-638716
-795266	-919370	818686	331391	921357
900384	337522	-473735	-290319	601600
-895122	-945048	748399	-282777	-203722
445696	-364681	-739187	554352	677407
474925	306545	-923605	340814	603756
996357	-783151	916038	-412672	949320
-836358	902325	-995447	520935	-437506
-711045	549396	-230187	93831	394167
-738210	837395	-893130	-393339	-17548
-930729	-507779	-201948	224411	375813
39842	-341080	-691786	-879693	672932
-630272	861947	-57971	-63562	-696989
-448696	604660	189941	405853	-264900
-118222	770386	770238	901697	-973397
-857840	-20930	976867	-6609	716663
-277598	-562992	-542043	-715715	998583
-2701	554392	271932	353567	-24924
332225	-300778	-66135	-96340	679095
-93916	588984	467877	347878	-55766
-997152	-797462	-317109	-715153	644128
494488	-468027	-225495	-883723	929772
-879144	-504152	585022	682544	-384396
619574	-679387	-597468	-289860	229805
-176367	-362752	-722406	716116	-947355
522884	690531	450421	783817	-209331
274656	-899817	-883269	573908	-591915
25571	663914	-949620	-886692	254128
754501	-358225	472178	878178	-483784
850541	-410151	-275546	-115464	676092
85731	-731109	693476	870096	965963
280293	425206	321021	-304700	693460
761980	482328	-433451	-745499	881627
-571744	-823792	-100200	-545802	831973
818295	852268	-789477	-859118	777192
369752	405741	-114885	-712490	-226332
880004	-701387	-94246	-799589	23280
332331	-243526	461700	938944	983481
-141330	-60497	-281803	988980	903261
700325	-458444	380979	-166124	-265622
575023	-453679	825998	-425709	-781758
3474	388146	326730	873445	-433003
531764	600872	-343417	-984130	875635
-632669	429358	160592	118791	79130
292309	884767	-167445	-92777	812532
-368054	983808	-828674	559953	-891505
645982	-969277	-8475	680229	-932181
878981	-841505	311300	909386	263276
914413	-730194	-964813	168856	-378712
396974	-99623	-68534	929236	806760
387909	-207147	433813	-611279	38036
10458	311030	463505	-162053	-682432
684113	821260	197485	-267391	574853
-501320	726859	-646777	-951841	270838
-713664	242411	586205	-548337	-449823
341555	-145418	-159036	-501231	-901824
694401	-681725	-176120	70327	-966639
-436939	-623167	-804416	-541430	-281811
159744	274883	718909	-719027	-66669
-433069	-12277	-200449	-752913	441684
-69092	939403	120886	-335363	336022
-444503	134585	204634	-249326	882265
-217546	-53871	983881	496708	-235294
887227	-778729	-835113	143219	-240484
6003	703255	-84079	-707701	-315899
-10483	-687591	-689842	969618	503146
959081	95480	343797	423727	-652967
82190	-986717	-224884	721608	-457037
347506	873678	304037	922721	-557385
25409	477603	412305	496409	-286058
-903521	863925	-672920	669796	-335311
-557472	991635	-493208	-798846	261185
-480343	-801011	679486	-194666	-868750
-861572	124439	-889762	-517695	43329
785042	-817869	326093	-159354	-467912
343169	226556	998683	10727	762409
-593327	174291	-239069	408511	388000
-319685	-812471	-449541	-757966	-818149
-464105	-846812	-953010	82689	390182
728207	730493	260873	631727	-908259
-92544	644212	186483	841783	-804976
-68816	717606	829666	-880173	-408553
35514	-547114	-41548	860822	27705
-882500	-7821	382419	-897285	-81807
-257315	-757106	367029	-306188	194946
188217	-467852	698359	-854830	-699965
710784	-898388	78716	-696040	-151453
14714	-138487	433775	468399	-806899
-281240	132886	972772	448528	768532
72236	-11270	-590950	653057	-353432
-523375	-47995	-178186	-575998	352260
368194	-158163	-41910	-64018	96275
-578302	-889114	510699	613891	51428
156958	979580	-257427	-723811	-150560
608209	-838668	729292	-419371	400354
67140	904229	392999	-330097	-31089
541587	244351	-509436	931028	654182
790683	203925	844662	-9389	715097
-88170	-647465	-144085	-736076	977145
-716701	-438981	-766690	-264646	-629589
875908	982642	-631432	872756	450902
-421302	571018	-770155	-643596	707234
313374	-540184	8206	-362237	-941916
130014	-838682	578192	-844501	909894
56990	46981	-123188	-930660	610305
-887073	931786	260536	-288787	505517
-808101	233024	-252820	-560205	-918989
-212114	282100	-27631	506176	695056
-237001	603374	669723	-608561	38920
-169207	952792	-965201	-354764	198665
358887	-955723	-66526	-620252	856654
-157584	-793494	-725784	488972	353608
-749452	243620	-804076	-938457	-102987
-131588	971288	815420	-644184	-432673
-409656	881185	-430854	630753	19768
-531811	-196452	-831548	669397	-226987
767100	-763966	375666	423104	-836326
-163811	118346	-596882	104122	950827
-599302	-478619	846360	846794	-960282
-930320	947910	280231	-641417	902814
-838995	-227571	-121077	109894	761339
357867	367306	-311815	-433565	475045
-330099	680234	543540	-874661	533852
237730	612263	133826	952530	409065
453912	-668394	654335	942468	848594
-97766	-270865	-793857	240172	-954583
-468271	-546067	-89888	354246	-449417
644784	760320	-191336	565900	579620
153317	-828183	-152593	-160185	-664119
-942163	294055	984736	259726	1994
860170	-66215	368551	928293	792754
471619	-963010	257388	-145110	-882752
723556	540297	-25623	113555	739111
498025	143962	-605730	936448	-629886
263035	-609028	467170	840	258465
677084	-14390	190153	572544	-704704
-893758	494150	885743	163585	189431
-511395	-367613	-456004	738574	-962254
731592	795412	405316	50408	907040
-7566	696473	-671828	-894318	469232
-985256	-348787	-374391	256060	678565
591	-500887	757844	-134281	172083
-283409	-480614	-583706	991241	-739696
-163388	-688234	-434624	-120149	169532
-624540	483561	254882	339651	-231787
22221	121197	926385	-382366	620778
987544	-293335	-873220	278786	-507364
-563353	116908	850165	-230942	-572630
-458644	135694	151988	60985	-410407
392249	201142	-746106	-511833	-852075
926800	-132501	118045	856853	-349790
-702499	845965	404582	698558	789284
-99584	-103367	-565980	-104433	536665
-55581	952616	173442	-822803	547204
118140	-49470	399575	995088	412115
-684640	-84973	-277651	-825968	-484071
-508717	-90021	-982779	-580300	-412545
-761811	33001	-548853	-625329	638364
321908	870908	313367	951375	-91284
-175457	-319500	460721	-327525	-445166
-114790	457077	-942433	-911916	464233
181970	-229764	-12109	595210	284691
859876	-621242	243408	-86958	565993
-463839	-249149	-509016	858231	-236414
-357042	-580251	-488622	960009	965793
175947	76161	-840715	-58552	-612847
-459679	-730036	255531	-363203	-313253
-163463	587832	-105605	-551179	-456024
489903	812125	-669690	-378570	-221612
-69444	-998491	-832193	557449	-602298
-665641	40732	-72799	586851	311797
-709200	-720016	116367	489900	-118763
449040	590244	353238	233299	-350666
95837	58392	775286	564382	756672
859644	-243234	-607247	780226	-923056
15548	222860	-476078	398135	-914218
631757	-160869	-619164	-724467	608327
317587	152105	430999	-68201	-749523
-725453	57121	-792209	610645	-840582
-425039	-288851	183797	211372	-642101
926151	330531	153619	-788237	344505
931354	325984	-754065	798159	231100
178813	-516213	745612	-642844	-806995
-871703	571596	746129	-964314	-85451
364520	-247457	620122	268604	294280
672288	-647596	-38748	-491041	-934279
940127	518894	-411405	-453859	-24287
845201	131882	752499	-249624	316432
-994020	418084	263855	-229760	-624881
434378	459548	-122490	-186299	221994
741065	-887377	504771	364210	630240
-977659	677272	-104594	675896	-353568
-220408	-281328	-27627	-367554	681184
839117	-586267	-2182	-312681	-506399
-488529	431610	-807165	-392727	441019
-542488	-410989	642366	792981	8230
-187227	311091	-335169	444739	-494377
-373631	152511	918459	-925519	-634328
878877	-367490	500704	502314	-964911
130651	-239148	896222	821080	-431281
-795071	-706245	-922584	344814	990063
437724	632531	725212	-730549	-557751
846344	441784	-902641	136710	-906664