-999811 -999759 -999676 -999491 -999417 -999305 -998952 -998491 -998353 -997592 -997410 -997152 -996878 -996632 -996615 -996415 -996051 -996022 -995694 -995654 
-995447 -994931 -994732 -994716 -994474 -994020 -993991 -993915 -993895 -993727 -992953 -992857 -992808 -992251 -991782 -991518 -991448 -991229 -991082 -989955 
-989686 -989511 -989210 -989097 -989044 -988810 -988658 -988450 -988321 -987871 -987495 -987427 -987377 -987348 -986717 -986532 -986492 -986399 -986065 -986005 
-985545 -985511 -985443 -985421 -985256 -985009 -984984 -984514 -984480 -984281 -984207 -984130 -983775 -983571 -983510 -983223 -983125 -983102 -982806 -982779 
-982220 -982190 -981489 -981291 -981238 -981064 -981016 -980856 -980135 -979902 -979550 -979450 -979440 -979392 -979275 -978431 -978378 -978328 -978044 -978019 
-977852 -977659 -977610 -976917 -976636 -976600 -976218 -976113 -976078 -975912 -975826 -975536 -975526 -975353 -975289 -975173 -975110 -975104 -975054 -975040 
-974536 -974505 -973871 -973858 -973775 -973716 -973490 -973397 -973275 -973145 -972927 -972439 -972328 -971995 -971297 -971225 -971174 -971158 -971107 -970913 
-970706 -970120 -970052 -969815 -969763 -969609 -969323 -969277 -969258 -968775 -968170 -968105 -967838 -967401 -966724 -966639 -966504 -966494 -966265 -966212 
-966211 -966055 -965978 -965883 -965795 -965759 -965667 -965201 -965071 -964911 -964813 -964790 -964622 -964314 -964163 -964119 -963615 -963446 -963135 -963010 
-962853 -962559 -962381 -962280 -962254 -962187 -961760 -961658 -961593 -961460 -961268 -961262 -961068 -960987 -960788 -960359 -960282 -959667 -959389 -959212 
-959018 -958833 -958744 -958318 -958259 -958061 -957696 -957285 -956712 -956035 -955723 -955712 -955250 -955205 -955136 -955013 -954872 -954609 -954583 -954505 
-953399 -953351 -953241 -953039 -953010 -952581 -952131 -951841 -951832 -951660 -950715 -950539 -950175 -950029 -949620 -949463 -949391 -948910 -948412 -948301 
-947891 -947871 -947819 -947787 -947676 -947624 -947519 -947490 -947436 -947355 -947239 -947211 -946723 -946638 -946083 -945958 -945740 -945715 -945710 -945706 
-945496 -945493 -945465 -945048 -944665 -944524 -944234 -944109 -943957 -943852 -943813 -943757 -943665 -943459 -943206 -943062 -943019 -942976 -942649 -942433 
-942326 -942163 -941916 -941879 -941730 -941574 -941546 -941425 -941327 -941280 -940852 -940841 -940683 -940631 -940513 -940491 -940404 -940384 -939980 -939361 
-939075 -939039 -938705 -938691 -938627 -938457 -938389 -938347 -938172 -938118 -938079 -937963 -937729 -937296 -937114 -936354 -935610 -935571 -935502 -935453 
-935221 -934950 -934919 -934696 -934679 -934418 -934279 -933947 -933797 -933740 -933478 -933178 -932616 -932191 -932181 -931972 -931948 -931732 -931311 -931298 
-931018 -930909 -930788 -930729 -930660 -930320 -929845 -929432 -928450 -927973 -927845 -927793 -927528 -927480 -926981 -926904 -925924 -925519 -925404 -925269 
-925253 -925061 -924927 -924335 -923953 -923932 -923605 -923367 -923324 -923127 -923056 -922584 -922397 -921880 -921588 -920737 -920619 -920487 -919973 -919962 
-919787 -919516 -919475 -919370 -919352 -919081 -918989 -918844 -918820 -918819 -918749 -918717 -918632 -918089 -918049 -917785 -917760 -917438 -917250 -916850 
-916446 -916443 -916235 -915902 -915893 -915781 -915639 -915592 -915530 -915521 -915306 -914218 -914140 -914120 -913954 -913796 -913718 -913652 -913243 -912589 
-912570 -912415 -912378 -912176 -911916 -911851 -911814 -911493 -911400 -911382 -911236 -911159 -911030 -911023 -910948 -910743 -910565 -910277 -910039 -909855 
-909838 -909590 -909285 -909204 -909015 -908993 -908886 -908675 -908474 -908452 -908259 -907996 -907902 -907074 -906863 -906800 -906679 -906664 -906273 -906230 
-906199 -906162 -906016 -905739 -905539 -905113 -904950 -904948 -904864 -904701 -904673 -904591 -904537 -904155 -904003 -903802 -903792 -903521 -903281 -903230 
-903204 -903145 -903129 -902987 -902887 -902751 -902641 -902409 -902308 -902249 -902085 -901824 -901683 -901428 -901422 -901367 -901319 -900962 -900575 -900279 
-900259 -899817 -899722 -899690 -899429 -899219 -898388 -898353 -898235 -897620 -897285 -897093 -896671 -896608 -896540 -896119 -895913 -895709 -895705 -895122 
-894621 -894510 -894463 -894319 -894318 -894233 -894174 -894053 -894028 -893758 -893373 -893251 -893130 -893058 -892451 -892295 -891722 -891536 -891532 -891505 
-891229 -891201 -890884 -890669 -890164 -889844 -889791 -889762 -889585 -889536 -889511 -889487 -889440 -889409 -889193 -889114 -888873 -888774 -888736 -888639 
-888587 -888243 -888032 -887930 -887884 -887642 -887551 -887527 -887412 -887377 -887352 -887171 -887155 -887073 -886911 -886756 -886692 -886653 -886511 -886496 
-885990 -885964 -885932 -885536 -885324 -885275 -885155 -884598 -884258 -883921 -883723 -883686 -883596 -883594 -883269 -883164 -883010 -882912 -882872 -882834 
-882752 -882500 -882380 -882166 -881974 -881664 -880918 -880310 -880284 -880173 -879849 -879826 -879747 -879693 -879631 -879562 -879510 -879430 -879144 -878932 
-878855 -878548 -877995 -877741 -877510 -877130 -876915 -876641 -876546 -876540 -876493 -876414 -876368 -876192 -876160 -875910 -875453 -875259 -875097 -875090 
-875014 -874828 -874759 -874661 -874114 -873845 -873812 -873737 -873338 -873318 -873236 -873220 -873109 -872500 -872488 -872394 -872373 -872346 -872045 -871976 
-871886 -871814 -871786 -871771 -871703 -871642 -871420 -871225 -871108 -870930 -870850 -870421 -869994 -869983 -869926 -869797 -869787 -869577 -869521 -869110 
-868980 -868967 -868937 -868845 -868775 -868750 -868655 -868652 -868650 -868173 -868134 -867959 -867760 -867277 -867045 -866883 -866765 -866297 -866219 -866053 
-866021 -865901 -865875 -865722 -865372 -865033 -865009 -864863 -864833 -864622 -864613 -864577 -864440 -863786 -863667 -862955 -862736 -862232 -861930 -861572 
-861487 -861338 -861173 -861046 -860685 -860607 -860466 -860438 -859977 -859938 -859935 -859889 -859370 -859279 -859207 -859137 -859118 -859101 -858658 -858061 
-857876 -857840 -857318 -857207 -856787 -856665 -856581 -856538 -856227 -855970 -855761 -855613 -855459 -854830 -854784 -854740 -854730 -854726 -854674 -854616 
-854547 -854524 -854325 -854307 -854151 -854133 -853994 -853932 -853865 -853776 -853544 -853307 -852901 -852159 -852075 -851997 -851843 -851512 -851416 -851412 
-851238 -850911 -850590 -850329 -849924 -849779 -849738 -849626 -849294 -849018 -848972 -848732 -848339 -848089 -847572 -847420 -846865 -846812 -845954 -845906 
-845617 -845160 -845136 -844705 -844705 -844501 -844240 -844107 -843693 -843655 -843594 -843434 -843430 -843400 -843162 -842538 -842507 -842074 -841532 -841505 
-841220 -841201 -841176 -840715 -840628 -840582 -840050 -839459 -839288 -838995 -838955 -838899 -838816 -838682 -838668 -838112 -838047 -837746 -837140 -837099 
-836857 -836776 -836623 -836538 -836358 -836326 -835886 -835816 -835588 -835113 -834148 -834095 -833639 -833320 -832858 -832803 -832586 -832253 -832193 -831905 
-831894 -831780 -831756 -831682 -831548 -831526 -831136 -831110 -830940 -830836 -830816 -830294 -829728 -829681 -829588 -829554 -829441 -829171 -828983 -828981 
-828674 -828586 -828441 -828290 -828183 -827207 -827165 -827000 -826942 -826720 -826633 -826243 -826235 -825968 -825940 -825652 -825373 -825344 -824974 -824718 
-824392 -824379 -824223 -823988 -823805 -823792 -823650 -823619 -823467 -823285 -823219 -823133 -823084 -822852 -822803 -822680 -822666 -822400 -822358 -821517 
-821434 -821397 -821335 -821151 -820897 -820777 -820733 -820452 -820349 -820010 -819673 -819578 -819500 -819139 -818941 -818879 -818719 -818624 -818149 -817977 
-817975 -817869 -817449 -817422 -817298 -816836 -816577 -815826 -815217 -815002 -814326 -814216 -813881 -813770 -813760 -813325 -813247 -813031 -812848 -812662 
-812651 -812593 -812580 -812562 -812471 -812296 -811203 -811121 -811008 -810647 -810473 -810152 -809872 -809368 -809161 -808865 -808284 -808214 -808101 -807754 
-807267 -807165 -806995 -806899 -806069 -805960 -805609 -805549 -805164 -804976 -804928 -804657 -804416 -804331 -804307 -804076 -803911 -803808 -803702 -803217 
-803163 -802607 -802315 -802256 -802056 -801457 -801382 -801360 -801295 -801290 -801141 -801011 -800941 -800758 -800745 -800538 -800272 -800247 -799985 -799589 
-799574 -799225 -799016 -798846 -798735 -798707 -798639 -798338 -797528 -797462 -797231 -797211 -796970 -796965 -796854 -796823 -796813 -796693 -796123 -796074 
-796008 -795266 -795232 -795180 -795122 -795071 -794975 -794211 -794054 -794044 -793857 -793828 -793494 -793392 -793210 -792807 -792805 -792664 -792616 -792542 
-792415 -792291 -792273 -792263 -792209 -791957 -791880 -791624 -791490 -791280 -791092 -790924 -790905 -790616 -790458 -790225 -789956 -789883 -789749 -789733 
-789727 -789646 -789483 -789477 -789468 -788765 -788496 -788327 -788237 -787967 -787801 -787718 -787223 -787215 -787213 -787151 -786878 -786842 -786773 -786256 
-786045 -785985 -784967 -784960 -784815 -784577 -784431 -783968 -783506 -783472 -783306 -783151 -782962 -782749 -782328 -782300 -782029 -781840 -781794 -781758 
-781684 -781230 -780795 -780727 -780546 -780472 -780445 -780376 -780039 -780027 -780014 -779039 -778729 -778682 -778432 -778335 -777453 -777159 -776991 -776820 
-776758 -776609 -776540 -776387 -776361 -776030 -775933 -775317 -775251 -775166 -774844 -774626 -774412 -773917 -773803 -773756 -773631 -773538 -773383 -773336 
-772917 -772641 -772624 -772514 -772372 -772299 -772251 -771772 -771491 -771168 -770628 -770585 -770155 -770111 -769883 -769861 -769849 -769787 -769453 -769016 
-768992 -768859 -768829 -768648 -768269 -768174 -767747 -767729 -767689 -767506 -767319 -766985 -766937 -766690 -766535 -766257 -766142 -765999 -765392 -764794 
-764721 -764398 -764370 -763966 -763961 -763420 -762748 -762719 -762719 -762312 -761811 -761217 -761173 -760562 -760530 -760486 -760466 -760109 -760019 -759899 
-759882 -759318 -759249 -759052 -758903 -758773 -758770 -758752 -758355 -758222 -758098 -758009 -757979 -757966 -757754 -757719 -757106 -756765 -756750 -756737 
-756580 -756223 -755977 -755914 -755772 -755380 -755322 -755275 -755213 -755187 -754579 -754382 -754065 -754018 -753505 -753293 -752913 -752695 -752601 -752527 
-752431 -752358 -752330 -752224 -751710 -751222 -751154 -750891 -750663 -750578 -749523 -749458 -749452 -749434 -749319 -748199 -747875 -746218 -746106 -745839 
-745776 -745521 -745499 -745281 -744946 -744794 -744583 -744241 -744129 -744061 -743929 -743507 -743428 -743014 -742955 -742477 -741811 -741180 -740743 -740490 
-740442 -740318 -740165 -740009 -739696 -739187 -739019 -738662 -738652 -738562 -738265 -738210 -738155 -738108 -737997 -737926 -737865 -737709 -737272 -736615 
-736358 -736076 -735909 -735796 -735335 -735225 -735144 -734918 -734806 -734611 -734094 -734086 -733977 -733853 -733824 -733619 -733536 -733534 -733226 -732692 
-732654 -732610 -732489 -732241 -732068 -731486 -731201 -731109 -731051 -730549 -730524 -730466 -730194 -730158 -730044 -730036 -729975 -729558 -729317 -729304 
-727987 -727701 -727657 -726731 -726599 -726305 -726257 -726122 -725944 -725784 -725453 -725107 -724914 -724467 -723811 -723661 -723532 -723312 -723189 -722984 
-722970 -722705 -722685 -722453 -722406 -722167 -722107 -721394 -721060 -721023 -721021 -720611 -720303 -720016 -719758 -719653 -719628 -719587 -719264 -719191 
-719057 -719027 -718217 -717687 -717498 -717476 -717209 -717207 -716916 -716878 -716877 -716715 -716701 -716562 -716544 -716385 -716145 -715895 -715715 -715625 
-715153 -714892 -714554 -713731 -713725 -713664 -713631 -713584 -713383 -712541 -712490 -712331 -712182 -712173 -711626 -711578 -711126 -711045 -711019 -710856 
-710774 -710626 -710555 -710403 -710386 -710164 -710164 -709875 -709714 -709596 -709464 -709356 -709200 -708742 -708132 -708011 -707826 -707701 -707687 -707632 
-707350 -707200 -707126 -707123 -707092 -706245 -705784 -705626 -705602 -705011 -704704 -704364 -703902 -703438 -703189 -703144 -703054 -702499 -702352 -701848 
-701716 -701534 -701527 -701387 -701358 -701299 -701212 -700712 -700377 -700314 -699965 -699946 -699911 -699906 -699862 -699093 -699057 -698739 -698340 -698318 
-698153 -697935 -697390 -697245 -696989 -696750 -696710 -696704 -696673 -696510 -696040 -695934 -695833 -695094 -695022 -694832 -694458 -694270 -694163 -694017 
-693988 -693534 -693416 -692941 -692021 -691880 -691786 -691412 -691290 -691138 -691123 -690921 -690855 -690794 -690783 -690234 -690092 -689842 -689627 -689119 
-689111 -689005 -688712 -688621 -688258 -688234 -688194 -688016 -687745 -687591 -687258 -686962 -686697 -686666 -686493 -686378 -686079 -685990 -685967 -685958 
-685714 -685680 -685502 -685188 -684945 -684640 -684369 -684001 -683745 -683289 -683128 -683053 -683034 -683015 -682544 -682432 -682138 -681725 -681670 -681604 
-680694 -680569 -680023 -679934 -679795 -679512 -679387 -679143 -678508 -678376 -678085 -678021 -678000 -677629 -676781 -676498 -676481 -676309 -676008 -675937 
-675721 -675411 -675292 -675279 -675159 -674602 -674395 -674248 -673933 -673254 -672939 -672920 -672583 -672224 -672133 -672039 -671980 -671851 -671828 -671462 
-671111 -670899 -670363 -670282 -669916 -669690 -669646 -669418 -669410 -668837 -668837 -668394 -668360 -668346 -668244 -668190 -667965 -667527 -667113 -666439 
-666286 -666054 -666004 -665956 -665641 -664826 -664700 -664364 -664119 -664053 -663597 -663067 -661947 -661924 -661570 -661323 -661011 -660546 -660471 -660306 
-660121 -659980 -659844 -659138 -659065 -658991 -658174 -658001 -657948 -657883 -657874 -657831 -657672 -657649 -657588 -657576 -657485 -656980 -656178 -655951 
-655290 -654885 -654854 -653890 -653674 -653346 -653233 -653226 -653166 -653125 -653086 -652967 -652596 -652592 -652359 -651904 -651851 -651809 -651760 -651245 
-650904 -650727 -650695 -650604 -650559 -650088 -649843 -649630 -649511 -649302 -648913 -648867 -648778 -648572 -647622 -647596 -647465 -647319 -647203 -647095 
-646879 -646836 -646810 -646777 -646684 -646569 -646521 -646358 -646184 -646106 -645986 -645724 -645709 -645558 -645512 -645414 -645298 -645294 -644781 -644442 
-644424 -644291 -644266 -644184 -643875 -643864 -643596 -643015 -642844 -642700 -642591 -642391 -642242 -642218 -642101 -641586 -641470 -641417 -641379 -641132 
-640899 -640493 -640446 -640403 -640361 -640162 -640132 -639761 -639677 -639651 -639550 -639450 -639389 -639284 -639252 -639001 -638861 -638716 -638551 -638495 
-638341 -638008 -637972 -637965 -637684 -637628 -637589 -637506 -637339 -637079 -636728 -636382 -636316 -636173 -636108 -635465 -635422 -635327 -635268 -635236 
-635187 -635014 -634942 -634811 -634754 -634328 -634322 -634249 -634115 -634047 -634002 -633970 -633271 -633177 -632669 -632528 -632472 -632312 -632140 -632139 
-631946 -631487 -631432 -631386 -631250 -631229 -630573 -630360 -630272 -630245 -630046 -629886 -629589 -629562 -629505 -629335 -629102 -628862 -628568 -628495 
-628156 -628041 -627561 -627226 -626991 -626976 -626700 -626575 -626540 -626130 -626106 -625956 -625679 -625329 -625140 -624881 -624734 -624587 -624540 -624490 
-624272 -623898 -623566 -623500 -623445 -623218 -623210 -623167 -622940 -622712 -622453 -622249 -621841 -621804 -621644 -621448 -621321 -621310 -621242 -621055 
-620942 -620924 -620793 -620413 -620296 -620252 -619907 -619738 -619700 -619691 -619651 -619642 -619619 -619470 -619164 -619030 -618974 -618600 -618314 -617968 
-617947 -617926 -617839 -617736 -617480 -617378 -617240 -616853 -616423 -616270 -615911 -615874 -615739 -615336 -615243 -615057 -614871 -614817 -614612 -614506 
-614138 -614071 -614067 -613972 -613949 -613731 -613679 -612847 -612821 -612532 -612436 -612356 -612221 -612190 -611993 -611983 -611946 -611890 -611506 -611313 
-611279 -610980 -609799 -609633 -609363 -609118 -609028 -608561 -608369 -608329 -607519 -607408 -607247 -606761 -606713 -606640 -606550 -606380 -606069 -605730 
-605457 -604943 -604448 -604009 -603750 -603683 -603493 -603136 -603131 -602724 -602655 -602298 -602200 -602191 -601994 -601975 -601970 -601444 -601186 -601140 
-601112 -599901 -599761 -599600 -599354 -599302 -599212 -599031 -599011 -598926 -598917 -598789 -598465 -598438 -598254 -598148 -598007 -597468 -597418 -596882 
-596588 -596482 -596203 -596134 -596041 -595626 -595368 -595166 -595009 -594810 -594051 -593848 -593737 -593327 -592946 -592946 -592923 -592881 -592774 -592552 
-591915 -591752 -590988 -590950 -590737 -590730 -590664 -590610 -590223 -589935 -589895 -589817 -589776 -589355 -589355 -589212 -589154 -588388 -588345 -588276 
-587718 -587365 -586956 -586883 -586823 -586589 -586580 -586340 -586331 -586286 -586267 -586110 -585671 -585604 -585425 -585344 -584739 -584565 -584378 -583967 
-583728 -583706 -583674 -583600 -583382 -583148 -583089 -582903 -582411 -582401 -582240 -581511 -581052 -580822 -580819 -580685 -580645 -580607 -580490 -580448 
-580300 -580251 -579924 -579780 -579676 -579446 -579265 -579261 -579229 -579187 -578988 -578971 -578488 -578485 -578373 -578302 -578125 -578123 -578069 -578039 
-578036 -577800 -576862 -576825 -576814 -576774 -576761 -576594 -575998 -575744 -575630 -575591 -575400 -575333 -575068 -574995 -574323 -574264 -574049 -573855 
-573672 -573369 -573114 -573036 -572909 -572630 -572623 -571909 -571875 -571764 -571744 -571722 -571198 -571178 -570868 -570690 -570471 -570432 -570317 -570033 
-569512 -569384 -569303 -568728 -568585 -568530 -568506 -568409 -567844 -567714 -567653 -567547 -567464 -567203 -566592 -566437 -566429 -566377 -566372 -566142 
-566009 -565980 -565885 -565595 -565558 -565538 -565498 -565322 -565068 -564991 -564921 -564847 -564818 -564760 -564713 -564231 -563536 -563353 -563313 -562992 
-562844 -562812 -562748 -562710 -562700 -562519 -561936 -561932 -561385 -561243 -560785 -560773 -560682 -560647 -560504 -560331 -560307 -560205 -559862 -558788 
-558352 -557976 -557821 -557798 -557767 -557751 -557658 -557585 -557472 -557385 -556746 -556595 -555967 -555882 -555736 -555416 -555111 -554624 -554282 -554097 
-553981 -553916 -553595 -552921 -552873 -552771 -552622 -552327 -552305 -552162 -552090 -551900 -551374 -551373 -551258 -551179 -550120 -549717 -549381 -549097 
-549061 -548854 -548853 -548763 -548674 -548337 -547826 -547796 -547573 -547114 -546977 -546799 -546522 -546362 -546067 -545802 -545801 -545766 -545758 -545687 
-545421 -545242 -545086 -544947 -544908 -544695 -544507 -544076 -543758 -543623 -543574 -543506 -543485 -543349 -543041 -543010 -542922 -542815 -542775 -542516 
-542506 -542488 -542295 -542279 -542063 -542043 -542003 -541430 -540515 -540184 -540110 -539827 -539755 -539523 -539362 -539343 -539323 -539270 -539056 -538762 
-538584 -538424 -537773 -537749 -537596 -536930 -536775 -536060 -536043 -535826 -535707 -535706 -535508 -535485 -534933 -534569 -534264 -533870 -533349 -533314 
-533058 -532685 -532649 -532551 -532495 -531960 -531955 -531900 -531853 -531811 -531576 -530830 -530797 -530470 -530257 -530201 -529644 -529552 -529290 -529095 
-529072 -528760 -528211 -528179 -528089 -528085 -527841 -527697 -527521 -527277 -527120 -526995 -526790 -526740 -526711 -526548 -526041 -525892 -525107 -524634 
-524192 -524081 -523991 -523926 -523906 -523862 -523804 -523781 -523760 -523752 -523620 -523375 -523298 -523060 -522717 -522543 -522193 -521888 -521659 -521618 
-521382 -520723 -520476 -520360 -520293 -520258 -520060 -519279 -518654 -518002 -517695 -517433 -517137 -517050 -516829 -516668 -516635 -516402 -516234 -516213 
-516039 -516016 -515861 -515844 -515449 -514974 -514855 -514734 -514668 -514154 -513934 -513622 -513148 -512773 -512527 -512451 -512019 -511855 -511833 -511395 
-511297 -511024 -510720 -510502 -510311 -510044 -510014 -509900 -509652 -509627 -509538 -509436 -509016 -508738 -508717 -508486 -508480 -508150 -507938 -507806 
-507779 -507509 -507364 -507045 -507012 -506904 -506399 -506069 -506068 -506067 -506001 -505851 -505821 -505154 -504959 -504908 -504879 -504793 -504279 -504152 
-504068 -503803 -503516 -503460 -503351 -503280 -503234 -503055 -502829 -502790 -502554 -502502 -502182 -502027 -501972 -501786 -501624 -501320 -501245 -501231 
-501076 -501047 -500887 -500658 -500532 -500428 -500061 -499916 -499223 -498779 -498579 -498384 -498363 -498028 -497889 -497512 -497225 -496460 -496448 -496423 
-496249 -496230 -496209 -496141 -495944 -495770 -494809 -494746 -494583 -494521 -494468 -494377 -494215 -494150 -494149 -494107 -494064 -493988 -493864 -493511 
-493274 -493208 -493065 -492509 -492456 -492402 -492096 -491814 -491533 -491367 -491302 -491235 -491046 -491041 -490864 -490489 -490386 -490154 -489946 -489737 
-489574 -489417 -489201 -489026 -488985 -488622 -488529 -488517 -487513 -487353 -487204 -486888 -486866 -486674 -485782 -485746 -485437 -485351 -485228 -485094 
-484703 -484320 -484259 -484071 -483784 -483089 -482802 -482767 -481892 -481516 -481399 -480724 -480614 -480551 -480371 -480343 -479806 -479506 -479364 -478803 
-478735 -478619 -478599 -478596 -478260 -478127 -477768 -477740 -477573 -477423 -477347 -477046 -476805 -476452 -476204 -476140 -476078 -475915 -475698 -475305 
-475273 -475022 -474881 -474806 -474551 -474226 -473914 -473735 -473636 -473578 -473519 -473171 -473153 -472515 -471469 -471272 -471096 -471063 -471025 -470420 
-470309 -470214 -469969 -468753 -468271 -468215 -468027 -467912 -467854 -467852 -467732 -467709 -467683 -467024 -466885 -466843 -466818 -466420 -466170 -466027 
-465463 -465412 -465361 -464990 -464900 -464887 -464887 -464845 -464691 -464297 -464105 -463882 -463839 -463612 -463577 -463005 -462981 -462973 -462858 -462700 
-462577 -462549 -462216 -462196 -461680 -460990 -460934 -460793 -460638 -460479 -460326 -459991 -459918 -459862 -459824 -459750 -459679 -459058 -458942 -458856 
-458644 -458444 -458394 -458319 -458130 -457890 -457243 -457037 -456756 -456439 -456024 -456004 -455975 -455901 -455865 -455863 -455460 -455309 -455233 -455147 
-454518 -453859 -453849 -453768 -453679 -453620 -453429 -453427 -453282 -453056 -452942 -452839 -452827 -452611 -452531 -452410 -452313 -452161 -451118 -451080 
-450582 -450265 -449933 -449874 -449823 -449565 -449541 -449438 -449436 -449417 -448947 -448941 -448696 -448369 -448070 -447798 -447770 -447509 -447286 -447258 
-447201 -446515 -446470 -446122 -445998 -445934 -445248 -445166 -444946 -444893 -444868 -444816 -444507 -444503 -443889 -443777 -443544 -443487 -443314 -443297 
-443293 -443229 -442879 -442868 -442612 -442263 -442220 -441252 -440319 -439841 -439776 -439570 -439120 -438981 -438824 -438378 -438310 -438096 -437766 -437656 
-437506 -437191 -437028 -437006 -436939 -436673 -436491 -436306 -436161 -436104 -436014 -435811 -435720 -435620 -434624 -434096 -433992 -433923 -433879 -433823 
-433704 -433565 -433504 -433451 -433436 -433310 -433248 -433232 -433070 -433069 -433003 -432917 -432900 -432730 -432673 -432129 -432109 -432106 -431894 -431328 
-431281 -430878 -430854 -430769 -430702 -430658 -430442 -429859 -429758 -429252 -429154 -428802 -428779 -428485 -428382 -428367 -428142 -427861 -427683 -427141 
-427128 -426916 -426774 -426209 -425963 -425927 -425747 -425709 -425440 -425227 -425039 -424935 -424724 -424488 -424446 -424386 -424322 -424079 -424043 -423944 
-423598 -423404 -423240 -422864 -422807 -422769 -422694 -422535 -422171 -421972 -421769 -421607 -421497 -421377 -421302 -421296 -421023 -420283 -420146 -420071 
-420061 -419673 -419610 -419371 -419198 -419067 -418737 -418695 -418451 -417757 -417726 -417603 -417089 -417038 -416743 -416332 -415586 -415101 -415049 -414610 
-414510 -414442 -414112 -413923 -413762 -413393 -413381 -413286 -413126 -413042 -412878 -412672 -412545 -412466 -411553 -411405 -411325 -410991 -410989 -410931 
-410599 -410407 -410151 -410025 -409709 -409682 -409656 -409420 -409332 -409245 -408959 -408817 -408754 -408553 -408362 -408260 -408212 -408134 -408071 -407670 
-407549 -407331 -407313 -407094 -406721 -406089 -405818 -405766 -405351 -405257 -405055 -405006 -404938 -404764 -404536 -404213 -404147 -403781 -403773 -403639 
-403636 -402972 -402728 -402149 -401848 -401804 -401609 -401467 -401402 -400631 -400186 -400103 -400092 -399984 -399968 -399853 -399372 -399355 -399165 -399135 
-399087 -399020 -398787 -398776 -398744 -398623 -398372 -397836 -397796 -397651 -397458 -397271 -397209 -397002 -396703 -396418 -396365 -396321 -396085 -395992 
-395655 -395527 -395442 -395133 -395050 -394971 -394881 -394461 -394452 -394430 -393339 -393319 -393010 -392961 -392804 -392742 -392727 -392623 -392461 -392130 
-392008 -391846 -391831 -391662 -391009 -390329 -390105 -390031 -390018 -389960 -389341 -389272 -389000 -388983 -388904 -388903 -388382 -387748 -387406 -386939 
-386753 -386407 -386288 -386198 -385959 -385532 -385131 -385118 -384962 -384790 -384592 -384407 -384396 -383890 -383834 -383809 -383437 -382966 -382366 -382111 
-381740 -381642 -381537 -381185 -380951 -380713 -380701 -380485 -380438 -379585 -379530 -379426 -379397 -379216 -379108 -378712 -378680 -378587 -378570 -378429 
-378412 -378353 -378268 -377516 -377469 -377130 -377039 -376534 -375951 -375939 -375888 -375109 -375061 -374974 -374870 -374775 -374673 -374391 -374283 -374050 
-373828 -373631 -373001 -372911 -372579 -372528 -372297 -372155 -372084 -371767 -371507 -371195 -371016 -370645 -370563 -370254 -370251 -369501 -368976 -368718 
-368073 -368054 -367811 -367783 -367771 -367613 -367554 -367547 -367490 -367424 -367293 -367150 -367114 -366990 -366341 -366328 -366237 -366190 -366038 -365872 
-365481 -365448 -365315 -365212 -365139 -365105 -365059 -364711 -364681 -364288 -363916 -363867 -363792 -363750 -363639 -363461 -363455 -363376 -363370 -363361 
-363203 -363179 -362913 -362910 -362867 -362851 -362781 -362752 -362427 -362348 -362237 -362010 -361883 -361593 -361314 -361272 -361188 -360320 -359435 -359406 
-359330 -359258 -359075 -358612 -358527 -358225 -358208 -357642 -357457 -357296 -357126 -357042 -356727 -356552 -356451 -355900 -355656 -355535 -355533 -355490 
-355430 -355256 -354764 -354715 -354380 -354175 -354131 -354099 -353880 -353568 -353512 -353432 -353371 -353308 -352830 -352822 -352508 -352401 -351640 -351409 
-351341 -351081 -350692 -350666 -350573 -350457 -350417 -350083 -349977 -349846 -349790 -349552 -349482 -349415 -349362 -348992 -348787 -348583 -348565 -348487 
-348324 -348215 -347831 -347827 -347669 -347287 -346934 -346863 -346483 -345921 -345249 -344986 -344717 -344646 -344218 -344097 -344049 -343940 -343680 -343519 
-343478 -343469 -343417 -343180 -342802 -342774 -342436 -342098 -341843 -341833 -341660 -341478 -341106 -341080 -340917 -340871 -340523 -340198 -338705 -338679 
-338553 -338029 -337753 -337613 -337466 -337238 -337204 -337106 -336988 -336834 -336752 -336711 -336008 -335952 -335756 -335669 -335555 -335454 -335363 -335329 
-335311 -335183 -335169 -335051 -334856 -334772 -334496 -333793 -333678 -333284 -333202 -333199 -333034 -332890 -332733 -332695 -332116 -332109 -331772 -331733 
-331702 -331476 -330890 -330769 -330423 -330195 -330121 -330099 -330097 -329797 -329657 -329583 -329408 -328826 -328742 -328696 -328619 -328379 -328122 -328055 
-327706 -327650 -327525 -326152 -326151 -326042 -325903 -325686 -325508 -325151 -324431 -324305 -323991 -323915 -323680 -323608 -323486 -322850 -322215 -322065 
-321643 -321536 -321519 -321474 -321383 -320440 -320022 -319981 -319816 -319724 -319685 -319549 -319500 -319195 -319030 -319018 -318516 -318369 -318009 -317843 
-317614 -317585 -317534 -317366 -317353 -317109 -317093 -316810 -316239 -316088 -315899 -315409 -315121 -314916 -314617 -314411 -314286 -314129 -314046 -313822 
-313745 -313740 -313489 -313253 -313148 -312820 -312681 -312634 -312561 -312383 -312170 -311958 -311815 -311689 -311477 -310387 -310338 -309840 -309637 -309605 
-309576 -309041 -308804 -308455 -308319 -308269 -307954 -307428 -307225 -307122 -306942 -306921 -306403 -306251 -306188 -306163 -306086 -305770 -305626 -305619 
-304997 -304767 -304700 -304438 -304311 -303943 -303610 -303590 -303324 -302712 -302705 -302605 -302597 -302557 -302466 -302421 -302379 -301687 -301556 -301348 
-300970 -300778 -300748 -300431 -300330 -299901 -299837 -299643 -299623 -299524 -298777 -298748 -298573 -298558 -298224 -297614 -297478 -296930 -296614 -296149 
-295615 -295498 -295337 -295080 -294976 -294815 -294401 -294302 -294001 -293783 -293606 -293335 -293158 -292599 -292394 -291970 -291621 -291458 -290971 -290417 
-290382 -290319 -289860 -288851 -288787 -288605 -288147 -287525 -287459 -286585 -286098 -286094 -286058 -285031 -284896 -284825 -284751 -284681 -284656 -284302 
-283891 -283409 -283181 -283108 -282777 -282761 -282170 -281998 -281966 -281850 -281811 -281803 -281450 -281442 -281328 -281240 -281203 -281115 -280899 -280754 
-280738 -280541 -280450 -280409 -280404 -280201 -280186 -280131 -279888 -279687 -278733 -278381 -278286 -278198 -278198 -278006 -277651 -277598 -277567 -277507 
-277448 -277237 -276954 -276785 -276508 -276294 -276235 -275546 -275075 -274677 -273982 -273807 -273710 -273689 -272964 -272874 -272560 -272456 -272305 -272105 
-271739 -271655 -271635 -271165 -270865 -270602 -270590 -270567 -270292 -269967 -269671 -269339 -269313 -269272 -269047 -268933 -268885 -268688 -268364 -268339 
-268172 -268093 -267391 -267305 -266554 -266514 -266089 -266054 -266007 -265857 -265857 -265622 -265126 -265034 -264900 -264859 -264797 -264727 -264646 -264499 
-263992 -263691 -263385 -263218 -262949 -262921 -262605 -262394 -261611 -261442 -260937 -260931 -260893 -260814 -260372 -260225 -259755 -259593 -259122 -258763 
-258701 -258629 -258251 -257560 -257427 -257427 -257315 -256937 -256834 -256415 -256236 -256218 -255438 -255421 -255373 -255168 -255021 -254506 -254341 -254286 
-253245 -253023 -252820 -252728 -252677 -252234 -252153 -252073 -251784 -251419 -251317 -251190 -251171 -250449 -250117 -250115 -250101 -249929 -249624 -249363 
-249326 -249149 -248947 -248429 -248268 -248062 -247913 -247784 -247457 -247255 -247126 -247035 -246960 -246482 -245799 -245603 -245425 -245149 -245142 -244801 
-244424 -243526 -243506 -243419 -243246 -243234 -243048 -242449 -242299 -242125 -241966 -241881 -241864 -241858 -241831 -241494 -241472 -241148 -240967 -240683 
-240484 -240371 -239877 -239810 -239533 -239413 -239387 -239148 -239100 -239069 -238794 -238785 -238478 -238331 -237889 -237767 -237638 -237019 -237001 -236976 
-236826 -236600 -236576 -236414 -236380 -236281 -236109 -235969 -235899 -235443 -235392 -235294 -235205 -235030 -234836 -234556 -234368 -234234 -234124 -233499 
-232901 -232706 -232353 -232051 -232026 -231923 -231920 -231787 -231709 -231547 -231214 -231161 -231146 -231048 -231016 -230942 -230940 -230861 -230264 -230254 
-230187 -229917 -229855 -229764 -229760 -229691 -229687 -229529 -229503 -229177 -229163 -228941 -228921 -228661 -228455 -228409 -228378 -228281 -227943 -227926 
-227908 -227571 -227571 -227528 -227238 -226987 -226614 -226332 -226092 -225824 -225719 -225618 -225605 -225495 -225428 -225334 -225054 -224884 -224632 -224469 
-224404 -224245 -224105 -224033 -223752 -223549 -223013 -222499 -222493 -222464 -222195 -221997 -221649 -221612 -221508 -221453 -221384 -221062 -220871 -220600 
-220408 -219895 -219804 -218736 -218601 -217546 -217529 -217049 -216864 -216567 -216523 -216243 -216023 -215546 -215200 -215049 -214932 -214894 -214474 -214196 
-214006 -214003 -213651 -212965 -212960 -212845 -212588 -212576 -212553 -212256 -212207 -212198 -212114 -211866 -211588 -211576 -211491 -211417 -211218 -210999 
-210826 -210569 -210449 -210224 -210133 -210018 -210009 -209978 -209781 -209548 -209391 -209331 -209173 -209008 -208956 -208796 -208495 -208143 -207928 -207724 
-207264 -207232 -207147 -207147 -207014 -206734 -206424 -206371 -206165 -206094 -206021 -205355 -204898 -204713 -204539 -204313 -204302 -204152 -204127 -203744 
-203722 -203345 -203050 -203047 -202966 -202761 -202452 -202396 -201948 -201848 -201393 -201365 -201144 -200961 -200841 -200757 -200449 -200222 -200215 -200164 
-200009 -199922 -199590 -199350 -199307 -199187 -198892 -198837 -198830 -198459 -198352 -198284 -197948 -197792 -197779 -197561 -197547 -197381 -196887 -196498 
-196452 -196431 -196394 -196309 -196002 -195388 -195347 -195173 -194751 -194745 -194666 -194590 -194355 -194191 -193842 -193702 -193305 -193245 -193118 -192955 
-192890 -192256 -191922 -191837 -191836 -191573 -191543 -191336 -191014 -190649 -190387 -190369 -190352 -190317 -190306 -190141 -190082 -190055 -189872 -189443 
-188872 -188863 -188735 -188659 -188358 -188322 -188316 -188047 -187773 -187257 -187227 -186525 -186511 -186491 -186299 -185762 -185684 -185664 -185394 -185267 
-185033 -184731 -184650 -184529 -184375 -184371 -184338 -184035 -184014 -183908 -183524 -183220 -182941 -181206 -181098 -180997 -180824 -180729 -180188 -180155 
-180075 -179850 -179717 -179633 -179545 -179517 -179054 -179024 -178679 -178675 -178650 -178417 -178327 -178315 -178186 -178098 -177504 -177311 -177134 -177068 
-176977 -176929 -176682 -176559 -176367 -176283 -176120 -176116 -175537 -175461 -175457 -175308 -175285 -175041 -174919 -174754 -174728 -174600 -174314 -174194 
-174142 -173359 -173336 -173224 -172358 -172040 -171851 -171803 -171733 -171730 -171497 -171018 -170641 -170135 -170052 -169857 -169851 -169598 -169518 -169272 
-169207 -168481 -167965 -167475 -167445 -166929 -166495 -166439 -166270 -166158 -166124 -165864 -165103 -164531 -164205 -164189 -164138 -163811 -163765 -163554 
-163463 -163388 -163376 -163333 -163060 -162547 -162475 -162470 -162319 -162053 -162001 -161859 -161468 -161432 -160960 -160869 -160779 -160513 -160194 -160185 
-159889 -159799 -159445 -159368 -159354 -159319 -159117 -159036 -158868 -158682 -158449 -158430 -158295 -158163 -158149 -158050 -157781 -157584 -157421 -157265 
-157079 -156785 -156517 -156437 -156267 -155698 -155525 -154314 -154231 -154071 -153519 -153132 -152912 -152796 -152670 -152669 -152660 -152593 -151453 -151208 
-151165 -151158 -151085 -150560 -150479 -150440 -150294 -150041 -149915 -149518 -149496 -149400 -149096 -148927 -146953 -146627 -146582 -146572 -146475 -145720 
-145698 -145418 -145110 -144980 -144751 -144750 -144639 -144598 -144163 -144149 -144085 -144069 -143633 -143528 -143470 -143399 -142395 -142272 -141994 -141893 
-141547 -141330 -141113 -141111 -140744 -140675 -140672 -140499 -139305 -139200 -139096 -139088 -139010 -138665 -138561 -138487 -138400 -138232 -138155 -138058 
-138056 -138016 -137886 -137546 -137190 -137116 -136939 -136482 -135842 -135783 -135733 -135220 -134893 -134795 -134785 -134647 -134468 -134281 -133976 -133814 
-133810 -133660 -133600 -133316 -133069 -133034 -132989 -132759 -132578 -132567 -132565 -132501 -132226 -132057 -131829 -131775 -131742 -131588 -131426 -131342 
-131005 -130917 -130897 -130769 -130391 -130186 -130110 -129968 -129544 -129539 -129285 -129146 -128847 -128755 -128601 -127605 -127401 -127328 -127275 -127068 
-127039 -126753 -126627 -126447 -126428 -125960 -125626 -124672 -124365 -124313 -123791 -123728 -123582 -123332 -123308 -123188 -123036 -123013 -122908 -122845 
-122825 -122490 -122271 -122248 -122036 -122004 -121930 -121896 -121879 -121779 -121597 -121450 -121077 -120608 -120429 -120373 -120149 -120046 -120034 -119437 
-119385 -119307 -119201 -119161 -119027 -118824 -118763 -118455 -118435 -118222 -117846 -117782 -117692 -117533 -117440 -117282 -117222 -117218 -117001 -116681 
-116417 -115984 -115758 -115641 -115464 -115334 -114885 -114830 -114790 -113912 -113745 -113733 -113621 -113124 -113063 -112968 -112956 -112825 -112754 -112602 
-112599 -112567 -112337 -112084 -112079 -112023 -111922 -111686 -111360 -111328 -111241 -111199 -110327 -110282 -110241 -110241 -110110 -109881 -109754 -109742 
-109526 -109434 -109201 -109178 -108985 -108955 -108950 -108860 -108849 -108633 -108214 -108104 -107922 -107816 -107377 -106217 -105742 -105690 -105605 -105524 
-105338 -105299 -104986 -104594 -104433 -104309 -104069 -103644 -103542 -103516 -103367 -102987 -102919 -102494 -102447 -102412 -102141 -101927 -101781 -101570 
-101561 -100827 -100771 -100770 -100619 -100287 -100200 -100199 -100106 -100093 -99740 -99623 -99584 -99209 -99026 -98962 -98906 -98891 -98824 -98200 
-97844 -97766 -97529 -97404 -96964 -96940 -96611 -96382 -96340 -96158 -95836 -95584 -95494 -95287 -95217 -95106 -94875 -94820 -94246 -94228 
-94220 -93916 -93566 -93428 -93135 -92928 -92845 -92815 -92777 -92544 -92421 -92298 -92175 -92136 -92091 -91982 -91764 -91562 -91463 -91284 
-91227 -90858 -90505 -90349 -90169 -90050 -90021 -89996 -89985 -89984 -89969 -89921 -89888 -89677 -89603 -89548 -89484 -89411 -88535 -88451 
-88411 -88362 -88310 -88170 -88167 -88160 -88052 -87967 -87890 -87770 -87476 -87405 -87042 -87038 -86958 -86383 -85840 -85609 -85451 -85280 
-85270 -85159 -85025 -84973 -84625 -84576 -84079 -83798 -83752 -83673 -83654 -83590 -82955 -82448 -82448 -82275 -82268 -81874 -81807 -81535 
-81480 -81182 -81094 -80997 -80845 -80512 -80435 -80423 -79673 -79607 -79592 -79425 -79066 -78839 -78829 -78751 -78081 -77858 -77765 -77706 
-77543 -77097 -77004 -76261 -76135 -75513 -75453 -75400 -75168 -74951 -74852 -74358 -74317 -74252 -73406 -73258 -73257 -73210 -73107 -72799 
-72646 -72237 -72114 -72085 -71888 -71543 -70884 -70855 -70730 -70555 -70502 -70292 -69858 -69688 -69519 -69444 -69437 -69092 -68816 -68545 
-68534 -68286 -68201 -67945 -67924 -67902 -67673 -67227 -66939 -66796 -66669 -66655 -66526 -66368 -66215 -66135 -64357 -64246 -64206 -64018 
-63594 -63562 -63475 -63166 -62910 -62822 -62721 -62558 -62482 -62389 -62224 -62130 -61763 -61591 -61349 -61270 -60878 -60760 -60564 -60497 
-60287 -60191 -60158 -60140 -59881 -59779 -59680 -59388 -59327 -59162 -59097 -59086 -58552 -58020 -58009 -57971 -57771 -57734 -57515 -57238 
-57017 -56881 -56661 -56612 -56576 -56016 -55956 -55895 -55881 -55766 -55739 -55581 -55501 -55387 -55289 -55150 -54886 -54627 -54490 -54489 
-54398 -54138 -54089 -53871 -53782 -53703 -53600 -53147 -53060 -53055 -53009 -52855 -52687 -52580 -52521 -52335 -52273 -52221 -52042 -51890 
-51120 -51043 -50674 -50671 -50490 -50297 -49953 -49918 -49818 -49760 -49748 -49470 -49203 -49195 -49098 -48989 -48652 -48599 -48458 -48416 
-47995 -47984 -47907 -47723 -47445 -47201 -46819 -46304 -45995 -45841 -45032 -45021 -44445 -44190 -44116 -43953 -43723 -43599 -43380 -42993 
-42984 -42690 -42284 -41910 -41696 -41548 -41102 -41031 -40912 -40475 -40188 -40137 -39976 -39959 -39264 -39048 -38997 -38959 -38936 -38748 
-38565 -38261 -37891 -37867 -37687 -37529 -37465 -37190 -37038 -36684 -36032 -35693 -35607 -35487 -35431 -35264 -35167 -34872 -34629 -34566 
-34503 -34110 -33949 -33655 -33628 -33255 -32735 -32731 -32718 -32442 -32440 -32148 -31904 -31683 -31506 -31278 -31089 -30667 -30444 -30437 
-30280 -30149 -29952 -29627 -29494 -29139 -29018 -28774 -28066 -27631 -27627 -27567 -27316 -26662 -26585 -25919 -25844 -25751 -25643 -25623 
-25518 -25418 -25063 -24924 -24853 -24375 -24325 -24287 -24281 -23721 -23608 -23146 -23059 -23018 -22928 -22756 -22530 -22492 -21770 -21414 
-21337 -20930 -20743 -20525 -20332 -20085 -18930 -18767 -18315 -18228 -18085 -18067 -17705 -17548 -16787 -16678 -16557 -16399 -16346 -15813 
-15761 -15582 -15425 -15141 -14893 -14793 -14469 -14390 -14247 -13843 -13606 -13229 -12967 -12605 -12534 -12408 -12371 -12277 -12155 -12109 
-11910 -11312 -11270 -11067 -10995 -10503 -10483 -10168 -10147 -10087 -10042 -9802 -9800 -9749 -9705 -9477 -9389 -9175 -8865 -8843 
-8475 -8446 -8239 -8145 -8111 -8024 -7821 -7747 -7634 -7566 -7518 -7413 -7039 -6609 -6055 -5985 -5851 -5838 -5723 -5271 
-5070 -4989 -4983 -4802 -4779 -4537 -4215 -4179 -3340 -3102 -2786 -2701 -2531 -2434 -2182 -1920 -1866 -1740 -1651 -1587 
-1547 -1390 -1048 -667 -490 -374 -255 -153 285 570 591 782 840 861 1127 1679 1994 1996 2109 2178 
2201 2273 2424 2430 2470 2827 3145 3474 3507 3590 3678 3757 4355 4435 4466 4641 4801 5061 5098 5410 
5561 5605 5658 5670 5683 5775 6003 6131 6157 6289 6512 6860 7152 7226 7228 7685 7735 7736 8206 8230 
8615 8674 8676 9771 9807 9843 10004 10236 10421 10458 10538 10660 10727 11138 11488 11970 11997 12012 12168 12207 
12316 12501 12659 12686 12783 13088 13746 14003 14074 14176 14220 14714 15091 15247 15548 16080 16556 16582 16696 16828 
17458 18000 18504 18543 18881 18936 19093 19276 19386 19606 19768 19986 20121 20483 21078 21601 21806 21960 22012 22114 
22132 22221 22821 23194 23280 23287 23789 24207 24295 24698 24861 24898 24977 25409 25458 25571 25719 25739 25946 25965 
25991 26013 26191 26201 26209 26213 26786 26799 27073 27185 27705 27825 27996 28135 28243 28299 28356 28402 28728 29140 
29216 29374 29388 29422 29594 30234 30379 30518 30608 30795 30856 31211 31456 31818 31879 32205 32514 32682 33001 33033 
33062 33147 33206 33585 34079 34189 34230 34569 34684 34871 35055 35171 35208 35265 35492 35514 35986 36130 36201 36284 
36494 36516 37084 37744 37850 37888 38036 38299 38567 38602 38920 39006 39073 39145 39264 39291 39497 39576 39610 39706 
39842 40192 40708 40732 40824 40847 40871 40921 40950 42452 42602 42835 43037 43223 43317 43329 43642 43684 43727 43743 
43842 44322 44395 44404 44639 44768 44809 45434 45631 45789 45798 45855 45898 46361 46396 46555 46679 46981 47027 47303 
47415 47475 47935 48327 48504 48893 49190 49246 49307 49316 49363 49491 49612 49995 50408 50444 50539 50700 50725 50844 
50934 50999 51384 51428 51464 51610 51692 52077 52365 52676 53071 53215 53470 53474 53844 54387 54685 54847 54899 55078 
55216 55492 55967 56022 56091 56117 56514 56990 57106 57121 57402 57768 58321 58354 58392 58417 58435 58658 58941 59567 
59787 60108 60805 60836 60985 61378 61754 61762 61943 61953 62028 62135 62400 62676 62939 63008 63393 63717 63724 63841 
63858 64021 64448 64604 64667 64854 65212 65742 65884 66028 66045 66659 66989 67140 67307 67484 67544 67629 67959 68586 
68778 69102 69263 69440 69867 70327 70335 70614 70871 70949 71035 71855 71865 72236 72831 73019 73320 73542 73992 74106 
74182 74445 74656 75046 75262 75494 75983 75992 76075 76161 76435 77578 77872 77919 78363 78537 78716 78722 78730 79107 
79130 79562 79578 79681 79763 79782 79867 80434 80611 80628 80699 80854 80933 81035 81126 81222 81257 81268 81318 81656 
81701 81852 81855 82085 82190 82308 82493 82577 82621 82648 82649 82687 82689 82797 83227 83250 83741 83837 84232 84554 
84795 84906 85441 85553 85731 85840 86038 86419 86438 86493 86544 86668 86876 87564 87696 88412 88441 88464 88568 88876 
89192 89278 89296 89519 89580 89582 89696 89794 89859 89890 89988 90108 90304 90624 90838 91012 91224 91293 91741 91990 
92565 92696 93045 93088 93285 93343 93525 93541 93579 93831 94245 94379 94748 94937 95141 95224 95261 95480 95691 95837 
95942 95988 96095 96228 96275 96279 96365 96407 96527 96661 96865 96998 97198 97676 97706 98252 98556 99121 99202 100071 
100147 100240 101492 101496 102026 102046 102356 102438 102562 102749 102913 103093 103161 103186 103404 103574 103585 103629 103650 104122 
104914 105240 105329 105535 105883 106312 106372 106564 107091 107399 107545 107795 107797 108158 108194 108388 108451 108557 108601 109195 
109422 109540 109560 109595 109894 109920 110329 110406 110510 110914 111055 111365 111391 111806 112198 112394 112592 112853 113308 113313 
113322 113555 113789 113980 114363 114558 115558 115812 116139 116367 116517 116798 116908 116973 117018 117098 117343 117482 117604 118045 
118140 118346 118544 118724 118791 118836 118914 119015 119495 119784 120184 120331 120452 120570 120574 120886 121165 121197 121252 121533 
121672 121913 122169 122305 122338 122381 122414 122471 122540 123017 123048 123147 123437 123491 123929 124049 124054 124439 124723 124758 
124880 125302 125577 125777 126149 126616 126860 126884 126928 126936 127065 127184 127323 127460 127461 127474 127490 127958 128149 128417 
128497 128559 129085 129131 129139 129147 129234 129356 129398 129654 129865 129980 130014 130250 130651 130859 131122 131250 131420 131882 
131987 132204 132851 132886 133220 133492 133826 134220 134358 134501 134585 134967 135023 135694 135858 135968 136012 136181 136259 136290 
136710 136862 137100 137339 138361 138596 139276 139624 139775 140027 140518 140682 141304 141784 142441 142847 143101 143105 143219 143361 
143923 143962 144493 145098 145870 146455 146588 146594 146997 147378 147434 147588 147669 147942 148040 148313 148380 148467 148622 149288 
149488 149689 149961 150325 150400 150635 151368 151450 151456 151590 151988 152105 152111 152366 152511 153317 153499 153534 153565 153619 
153896 154069 154288 154357 154478 154552 154700 154791 155085 155136 155194 155551 155568 155692 155725 156321 156338 156384 156804 156958 
157288 157352 157757 157796 157819 158032 158044 158499 158832 158932 158932 158949 159036 159054 159134 159538 159744 159746 159819 159855 
160165 160331 160592 160615 161478 161961 162092 162259 162474 162665 162807 162825 162958 163585 164268 164365 164420 164587 165139 165165 
165237 165289 165645 165671 165866 166056 166276 166297 166563 166650 167094 167187 167780 167876 168109 168167 168213 168470 168515 168856 
169038 169425 169532 169827 169828 170386 171043 171207 171356 171984 172083 172135 172170 172299 172360 172681 173048 173094 173139 173433 
173437 173442 173504 173537 173731 173934 173974 174018 174101 174291 174429 174436 174472 174584 174817 174946 175032 175046 175080 175107 
175144 175164 175874 175947 176186 176211 176287 176364 176441 176615 176860 176994 177672 177783 177997 178001 178044 178105 178262 178656 
178758 178813 178944 179139 179345 179542 179566 179670 179978 180074 180376 180409 180564 181189 181218 181410 181556 181569 181970 183417 
183797 184454 184659 184895 184903 184952 184958 185143 185797 185814 185895 186254 186483 186794 186999 187071 187074 187742 187825 188217 
188368 188456 188711 189225 189431 189556 189861 189890 189941 189971 190153 190211 190245 190282 190732 191154 191682 191721 191732 191739 
191821 191859 192169 192723 192866 192971 193361 193656 194091 194428 194625 194686 194946 195101 195133 195302 195512 195528 195579 195817 
196609 196625 196787 197485 197488 197643 197785 197831 198124 198225 198470 198665 198725 198884 199179 199312 199399 199615 199778 199797 
199879 199986 200632 201142 201215 201387 201427 201594 202221 202255 202318 202686 202698 202869 203087 203193 203208 203362 203569 203925 
204087 204145 204393 204609 204623 204634 204636 204810 205041 205223 205223 205676 206085 206489 206830 206982 207025 207553 207618 207740 
208185 208237 208400 208532 208639 208853 209125 209354 209383 209448 209956 210369 210581 210601 210697 211010 211221 211303 211372 211401 
211409 212070 212383 212605 212830 213015 213076 213120 213291 213378 213518 214151 214191 214505 214948 215217 215249 215961 216137 216223 
216419 216467 216855 216863 216872 216941 216985 217122 217254 217259 217847 217850 217992 218076 218109 218156 218346 218435 218651 218995 
219117 219183 219336 219439 219439 219527 219527 219983 220121 220276 220403 220433 220433 220496 220566 220642 220859 221500 221758 221796 
221994 222000 222324 222407 222666 222672 222860 222993 223014 223087 223387 223533 223810 223873 224126 224235 224385 224411 224857 225294 
225328 225585 225842 225927 226067 226110 226132 226360 226392 226556 226581 226616 226794 226844 227017 227178 227207 227361 228062 228178 
228726 228876 228916 228949 229363 229780 229805 230060 230118 230171 230173 230337 230490 230560 230793 231100 231250 231739 232443 232840 
233024 233145 233299 233566 233900 234204 234243 234371 235010 235329 235408 235928 236067 236194 236347 236947 237564 237730 237931 238351 
238410 238426 238851 238940 239551 239613 239696 239699 239754 240002 240172 240176 240436 240695 240801 240818 240973 241142 241247 241684 
242239 242411 242516 242978 243012 243145 243302 243408 243620 244351 244498 244752 244794 245047 245107 245501 245627 245691 246713 246904 
246925 247259 247639 247711 247850 248044 248907 248973 248985 249047 249828 250143 250382 251220 251380 251548 251583 251587 251713 251825 
251826 252017 252160 252262 252263 252303 252303 252663 252972 253143 253512 253658 253682 253727 253870 254054 254055 254128 254183 254257 
254303 254318 254882 255477 255531 255787 256004 256060 256118 256227 256743 256749 257243 257388 257563 257748 257856 257857 258044 258146 
258465 258490 258771 259178 259256 259615 259726 260536 260636 260761 260873 261185 261893 262102 262156 262529 262595 262630 262636 262794 
262960 263035 263276 263344 263569 263746 263855 264478 265091 265256 265730 266164 266618 266974 266976 267027 267304 267314 267591 267623 
267625 267963 267992 268085 268128 268129 268144 268164 268354 268423 268604 269288 269586 269679 269828 270051 270258 270385 270543 270642 
270775 270838 271006 271028 271133 271158 271932 271948 271962 272072 272174 272327 272553 272693 272922 272954 273306 274291 274400 274425 
274458 274656 274726 274883 275205 275664 275831 275941 275975 276226 276304 276347 276449 276573 276747 277252 277799 277892 278482 278690 
278786 278814 278916 278962 279422 279598 279760 280116 280180 280231 280293 280352 280625 280920 280954 281169 281272 281566 281606 281693 
281896 282002 282056 282100 282130 282136 282244 282384 282814 283001 283305 283636 284333 284358 284691 284775 285017 285072 285206 285615 
285637 285769 285827 286256 286484 286491 286897 287222 287390 287536 287569 288170 288259 288349 288363 288371 289083 289557 289567 289781 
289862 289988 290102 290346 290373 290462 290543 291525 291632 292023 292309 292622 292780 292858 293017 293446 293578 294055 294280 294455 
294476 294585 294843 295099 295405 295457 295602 295720 295806 296254 296467 296525 296532 296958 297033 297462 297689 297739 297955 298403 
298437 299175 299438 299622 299692 299862 299888 300019 300263 300301 300344 300459 300532 300596 300597 301064 301165 301176 301292 301425 
301522 301589 301786 301812 301856 302023 302162 302202 302256 302326 302471 302717 302924 303429 303883 304037 304042 304137 304230 304400 
304614 304843 305158 305387 306407 306545 306571 306780 307065 307413 307988 308246 308376 308583 309017 309444 309459 309507 310098 310353 
310500 310876 311030 311091 311109 311300 311407 311797 311923 311962 311996 312024 312092 312203 312248 312484 312521 312622 312967 313367 
313374 313746 313897 313903 313935 314112 314138 314172 314619 314789 315050 315071 316113 316374 316432 316503 316604 317303 317531 317587 
317714 318037 318252 318365 318389 318654 318881 319242 319532 319613 319896 319898 320053 320365 320430 320579 320841 320888 321021 321536 
321683 321776 321888 321908 321966 322651 322670 322708 322909 323515 323781 323816 323869 324074 324198 324335 324376 324514 324859 324975 
325057 325158 325414 325503 325659 325715 325862 325923 325984 326093 326096 326402 326730 326895 327063 327353 327424 328184 328574 328640 
330155 330179 330231 330531 330578 330841 330847 331085 331120 331150 331369 331391 331700 331725 331758 331813 331992 332027 332105 332225 
332331 332335 332384 332707 332777 333054 333101 333145 333171 333306 334130 335000 335073 335541 335612 335790 335965 336022 336424 336829 
337386 337495 337522 337819 338036 338042 338199 338704 339394 339447 339651 339938 340016 340028 340359 340551 340814 340921 341028 341154 
341211 341555 341909 341954 342066 342207 342230 342231 342316 342332 342469 342567 342646 342788 342944 343169 343178 343230 343309 343645 
343680 343724 343797 343830 344037 344144 344213 344256 344505 344534 344664 344741 344814 344888 345278 345651 345683 345701 345918 346337 
346516 346672 346691 346714 347297 347506 347632 347878 348462 348514 348636 348672 348793 349132 349985 350157 350460 351163 351369 351384 
351542 351596 351634 351749 351918 352260 352603 352656 353170 353238 353567 353608 353693 353947 354246 354408 354836 354866 355026 355106 
355130 355263 355411 356058 356400 356573 356712 357045 357354 357457 357503 357735 357737 357751 357867 357964 358127 358217 358663 358887 
359031 359126 359507 359721 359770 359881 360003 360133 360196 360279 360717 360724 360733 360757 361285 361318 361888 362008 362028 362357 
362778 362781 362902 362985 363220 363436 363454 363502 363852 363852 364072 364210 364320 364520 365113 365473 365639 365768 366155 366269 
366271 367029 367306 367510 367575 367880 367910 368027 368097 368194 368301 368355 368551 368590 368806 369085 369289 369752 370025 370323 
370393 370490 370725 370977 371108 371283 371489 371807 372459 372586 372762 372816 372904 373103 373776 373858 374212 374244 374457 374498 
375008 375066 375592 375649 375649 375666 375813 375882 376178 376778 376865 377130 377245 377253 377285 377368 378274 378409 378744 378797 
379140 379270 379286 379365 379813 380019 380387 380516 380557 380889 380979 381084 381202 381422 381674 381837 381952 382419 382464 382646 
382760 382982 383137 383155 383173 383261 383331 383350 383403 383442 383947 384067 384173 384306 384424 384484 384673 385015 385811 385816 
385860 385967 386108 386114 386437 386440 386642 386749 387175 387397 387462 387595 387884 387909 387972 388000 388134 388146 388930 389325 
389555 389871 390182 390295 390313 390415 390451 391109 391955 392144 392249 392493 392636 392698 392999 393025 393069 393707 393707 394130 
394167 394240 394511 394515 394599 394659 394734 395240 395372 395662 395678 395764 395791 395856 396025 396121 396974 397055 397107 397132 
397377 397386 397677 397750 397988 398130 398135 398448 398622 398661 399575 399590 399617 400006 400354 400448 400495 400879 401153 401480 
402213 402242 402469 402917 403226 403359 403506 403550 403718 403840 403861 403892 404209 404223 404582 405051 405316 405475 405600 405601 
405672 405741 405853 406125 406286 406569 406682 406882 406897 406985 407784 408186 408511 408671 408826 409065 409104 409111 409402 409643 
409797 410187 410320 410345 410386 410874 411168 411343 411591 411814 412115 412305 412756 412822 412834 413480 413557 413711 413776 413793 
414891 414952 415232 415391 415981 416070 416218 416654 416689 417132 417306 417370 417939 417977 418084 418089 418151 418443 418452 418740 
418757 419257 419412 419416 419627 419947 419991 420221 420427 420527 420530 420588 420995 421007 421462 421710 422897 423104 423326 423429 
423727 423750 423952 424306 424595 424961 425024 425094 425110 425206 425209 425420 425432 425853 426373 426520 426644 426654 427269 427619 
427693 428567 428783 429358 429361 429418 429663 429969 430021 430122 430160 430172 430341 430999 431139 431152 431219 431610 431658 431719 
431748 431943 431947 432194 432195 432316 432565 433112 433273 433412 433508 433775 433813 434378 434819 435326 435377 435673 436029 436152 
436636 436664 436723 436885 437688 437696 437724 437967 437988 438291 438368 438402 438540 438808 439005 439019 439128 439342 439423 439661 
439803 440499 440783 440918 441019 441125 441684 441784 442034 442069 442351 442994 443153 443323 443626 443753 444087 444162 444355 444645 
444739 444967 445042 445526 445571 445641 445696 445756 445863 446820 447200 447291 447400 447480 447616 447653 447667 447994 448183 448282 
448284 448458 448528 448590 448674 448879 449040 449150 449468 449585 449859 449987 450018 450143 450162 450274 450328 450421 450663 450823 
450902 450964 451035 451336 451654 451755 451860 451938 452055 452248 452475 452758 452869 452960 452976 453021 453094 453150 453310 453356 
453414 453531 453808 453904 453912 453943 454051 454146 454552 454581 455674 455990 456584 457077 457290 457630 457669 457839 458180 458197 
458269 458407 458751 458798 458829 458848 459228 459502 459542 459548 459621 459675 459708 460441 460489 460721 461003 461186 461224 461319 
461498 461700 462141 462404 462566 462763 462863 463009 463293 463505 463575 463658 463912 464123 464233 464531 464539 464752 464899 465364 
466103 466270 466359 466614 466756 467027 467079 467170 467519 467778 467877 467954 468047 468111 468196 468399 468473 468808 468911 469156 
469232 469284 469455 469536 469998 469998 470078 470096 470542 470722 471054 471056 471072 471288 471619 471707 471818 472005 472017 472119 
472178 472314 472367 472389 473178 473302 473325 473474 473635 473748 473902 474178 474395 474457 474704 474743 474766 474925 475045 475146 
475171 475213 475914 476125 476664 476772 477031 477042 477131 477603 477703 477776 477991 478075 478230 478413 478574 478595 478603 478708 
478898 478945 479018 479258 479285 479346 479505 479760 479884 480160 480393 480480 480503 480789 480978 481020 481213 481267 481363 481486 
481715 481839 481848 481933 481939 482169 482328 482509 483561 483969 484245 484286 484925 484999 485344 485495 486076 486165 486625 487286 
487542 487562 487634 487642 487991 488972 489274 489294 489421 489773 489900 489903 490518 490780 491119 491232 491369 491528 492061 492429 
492624 492879 493342 493558 493652 493659 493720 494056 494150 494178 494407 494488 495005 495046 495209 495982 496042 496409 496506 496708 
496875 497617 497660 497760 497762 497806 498025 498298 498485 499158 499235 500280 500704 500727 500810 501010 501270 501427 501484 502247 
502314 502416 502577 503008 503146 503240 503675 503972 504254 504271 504771 504817 505079 505517 505644 505746 506176 506552 506703 507132 
507313 507324 507403 507667 507711 507713 507729 507826 507854 508028 508252 508335 508487 508957 509058 509234 509962 510302 510699 511287 
511535 511537 511877 511897 512628 512819 512940 512991 513067 513107 513269 513361 513603 513700 513831 514027 514242 514250 514458 514596 
514722 514774 515023 515311 515767 515907 515961 516035 516110 516380 516570 516660 516986 517001 517053 517206 517294 517413 517495 517552 
517712 517898 518514 518717 518768 518851 518894 519001 519038 519361 519536 519669 519783 519820 520168 520278 520295 520935 521006 521016 
521452 521542 521569 521889 522256 522377 522770 522777 522884 523107 523149 523402 523412 523602 523720 523770 524361 524457 524506 524517 
525083 525365 525623 526389 526453 526654 526726 526788 527746 528378 528452 528658 528793 529080 529322 529620 529704 529730 529992 530053 
530409 530688 531059 531094 531495 531660 531757 531764 532142 532247 532306 532546 532608 532948 532961 533715 533717 533844 533852 534076 
534447 534613 534926 535410 535859 535914 536141 536366 536466 536651 536665 536722 536801 536894 537048 537176 537345 537561 537971 538324 
538379 538381 538530 538532 538800 539095 539161 539653 539788 540297 540446 540712 540849 540876 540965 540995 541134 541139 541567 541587 
541975 542056 542176 542397 542588 542634 542671 542728 542953 543275 543282 543540 543573 543716 543764 544015 544241 544365 544570 544794 
544877 545527 545711 545763 546130 546711 546786 546877 547050 547204 547385 547710 547934 548198 548482 548846 548868 548985 549055 549065 
549189 549225 549225 549240 549342 549351 549396 550236 550257 550287 550352 550670 550736 550797 550809 550883 550949 550980 551909 552097 
552239 552616 552739 552895 553021 553256 553294 553517 553607 553769 554008 554312 554352 554392 554492 555302 555325 556022 556033 556225 
556465 556468 556598 556609 557069 557088 557449 557515 557880 558022 558180 558526 558608 558617 558789 558817 559850 559953 560078 560452 
561017 561222 561507 562065 562102 562185 562356 562653 562855 563369 563584 564148 564214 564382 564820 565076 565381 565400 565831 565900 
565993 566015 566087 566830 567392 567520 567916 568148 568186 568303 568329 568537 568922 569125 569213 569254 569421 569526 569562 569916 
570000 570098 570342 570603 570658 570678 570700 570841 570977 571018 571311 571596 571981 572544 572548 572932 572993 573283 573307 573355 
573569 573774 573908 573944 574020 574614 574690 574853 575023 575192 575217 575270 575280 575324 575869 576027 576088 576309 576549 576738 
576835 576891 577228 577339 577399 577624 578023 578026 578192 578630 578760 578840 578906 579492 579572 579575 579620 579812 579886 580111 
580248 580272 580628 580754 581124 581302 581829 582343 582406 583117 583224 583594 583669 583834 583983 584005 584047 584134 584594 584612 
584857 584912 584927 585022 585589 585656 585757 585893 586205 586436 586576 586586 586589 586784 586851 587307 587384 587493 587686 587832 
587967 588011 588235 588398 588566 588862 588984 589083 589114 589159 589161 589181 589394 589405 589477 589653 589938 589997 590040 590056 
590134 590149 590244 591057 591261 591441 591519 591564 591637 591884 592244 592294 592383 592426 592568 592641 592775 594084 594158 594210 
594718 595108 595210 595527 595673 595776 595879 596877 597325 597499 597585 597711 597799 598275 598462 599064 599130 599289 599473 599473 
599532 599558 599585 599653 599761 599987 600456 600872 600918 601082 601184 601197 601600 601991 602243 602365 602376 602402 602466 602475 
602760 603173 603255 603342 603374 603380 603551 603553 603661 603743 603756 603789 604405 604606 604660 604676 605102 605205 605520 605625 
606236 606476 606733 606825 606909 607056 607068 607076 607115 607805 607911 608209 608327 608691 608850 608893 609129 609154 609283 609411 
609414 609455 609518 609740 610305 610443 610645 611007 611231 611266 611706 611910 611969 612263 612369 612376 612534 612824 612919 613100 
613330 613468 613864 613891 614143 614316 614327 614677 614878 614915 614969 614994 615057 615193 615615 615669 615669 616579 616605 616896 
617251 617382 617386 617757 617853 617987 618240 618355 618366 618389 618816 618862 618965 619317 619382 619459 619478 619574 620006 620034 
620054 620102 620122 620509 620613 620778 620792 621019 621264 621292 621398 621823 621874 621894 621939 622241 622246 622282 622516 622576 
622773 623046 623315 623685 623731 623768 623953 623986 623991 624235 624467 624506 624699 624814 624902 625065 625183 625269 625373 625491 
625741 625830 626290 627475 627617 627900 627926 627942 628557 628617 628775 628951 629100 629370 629422 629484 629574 630030 630240 630412 
630712 630753 630780 631395 631626 631702 631727 631741 631757 632194 632284 632313 632531 633017 633220 633417 633665 633772 633789 634014 
634028 634065 634365 634518 634786 634983 635153 635315 635441 635747 635900 636264 636734 637439 637480 637528 638097 638247 638364 638495 
638523 638633 639314 639350 639411 639932 640456 640481 640637 640767 640920 641127 641380 641439 641507 641774 641965 641992 642011 642044 
642366 642769 642811 642919 643019 643278 643652 643820 643955 644128 644212 644469 644784 645009 645270 645704 645863 645982 646085 646216 
646384 646435 646552 646726 647698 648552 648578 648700 648930 649170 649459 649555 649712 650415 650538 650967 651033 651302 651465 651516 
651939 652387 652432 652525 652586 652809 653057 653291 653574 654128 654182 654335 654506 654744 654807 654863 654871 655269 655297 655704 
656201 656223 657038 657405 657423 657646 657896 658027 658067 658505 658873 658963 659941 659980 660159 660186 660208 660385 660541 660683 
660817 660938 661190 661454 661829 661834 662019 662417 662511 662915 663317 663764 663914 664259 664320 664368 664506 664521 664527 664613 
665070 665702 666070 666108 667242 667461 667859 668515 668707 668732 668894 669182 669202 669386 669397 669535 669723 669764 669796 670239 
670362 670433 670738 670823 671065 671282 671335 671540 671862 671973 672115 672204 672288 672444 672651 672736 672768 672792 672896 672904 
672932 673021 673023 673260 673439 673581 673706 673871 674161 674356 674478 674531 674728 674760 674831 675315 675657 675896 676092 676147 
676219 676352 676762 676812 676954 676994 677084 677272 677299 677345 677407 677425 677461 677666 678158 678435 678450 678565 678612 678621 
678859 678897 679095 679112 679299 679486 679525 679834 679976 680132 680192 680210 680229 680234 680831 680864 680958 680990 681184 681200 
681390 681616 681994 682022 682525 682544 682602 682960 682997 683126 683324 683367 683910 684113 684200 684944 686446 686572 686722 686782 
687016 687299 687309 687568 688377 688707 688768 688771 688945 689034 689193 689637 690063 690531 690565 690581 690598 690697 690717 690775 
690894 691147 691456 691907 691980 692107 692750 693025 693460 693476 693531 693549 693642 694036 694075 694370 694399 694401 694496 695056 
695120 695582 695595 695719 695850 695934 695956 696306 696400 696473 696533 696712 696786 697105 697124 697167 697297 697619 698359 698558 
698673 699040 699426 699963 700062 700240 700325 700352 700458 700676 700890 700939 701553 701572 701716 701765 702063 702335 702374 702418 
703255 703416 703907 704233 704316 704359 704660 705707 705716 705900 705934 706310 706394 706537 707007 707234 707246 707290 707542 707558 
707693 708405 708409 708475 708592 708703 708774 708808 709013 709102 709233 709339 709621 709697 710155 710411 710784 710926 711084 711267 
711382 711694 711745 711857 711871 712177 712350 712632 713194 713203 713281 713305 713498 713612 714239 714547 714890 714950 715077 715097 
715396 715907 716116 716178 716340 716514 716663 716690 717009 717272 717424 717531 717606 717673 718106 718151 718356 718393 718496 718909 
719323 719440 719619 720430 720638 720728 720791 720974 721608 721894 722067 722135 722138 722194 722373 722444 722550 722864 723429 723556 
723751 723953 724373 724938 725042 725212 725240 725289 725399 725626 725846 725951 726067 726473 726475 726726 726828 726859 727220 727683 
727723 727768 727967 728014 728159 728198 728207 728777 729042 729292 729588 729845 729850 729855 729989 730131 730338 730436 730493 730556 
730668 730812 730896 731050 731136 731309 731592 731670 731675 731903 732237 732490 732680 732881 733368 733559 733736 734091 734269 734309 
736044 736089 736256 736575 736651 736841 737135 737198 738042 738074 738275 738574 738748 738846 739060 739111 739549 739597 739676 739896 
740454 740672 740862 740915 741065 741210 741301 741499 741942 741984 742029 742166 742244 742332 742409 742583 742645 742704 742969 743457 
743623 743902 744436 745148 745583 745612 745679 745965 745970 746129 746352 746596 746716 746785 747085 747316 747662 747740 748399 748433 
748579 748591 748817 748991 749067 749092 749182 749634 749665 749826 749854 750301 750448 750593 750964 751211 751294 751518 751572 751966 
752389 752499 753066 753197 753266 753407 753418 753684 753861 754059 754092 754246 754294 754417 754501 755161 756406 756672 757141 757181 
757188 757553 757627 757844 758182 758422 758561 758578 758748 758805 758963 758978 759223 759420 759955 760272 760320 760670 761136 761317 
761339 761723 761745 761980 762025 762133 762155 762306 762409 762913 763041 763356 763563 763862 763900 764090 764206 764209 764725 765014 
765121 765431 765673 765948 766134 766260 766290 766428 766506 766529 766693 766894 767100 767146 767484 767794 768309 768344 768385 768485 
768532 768555 768620 768726 768732 769297 769435 769437 769609 769760 769831 769864 770133 770238 770386 770388 770465 770759 772145 772331 
772660 773129 773177 773579 773580 774379 774740 774793 775045 775286 775746 775983 776024 776101 776336 776376 776702 777016 777085 777192 
777382 777522 777556 778235 778354 778617 778781 778793 778871 779003 779266 779507 779801 779953 780226 780258 780367 780707 780712 780788 
781049 781076 781361 781598 781645 781983 782294 782367 782461 782508 782562 782971 782984 783158 783202 783327 783419 783535 783555 783817 
784042 784489 784545 784748 784855 785020 785042 785488 785801 786269 786580 786920 786927 787554 787667 787704 788121 788514 788825 789008 
789025 789206 789284 789294 789465 789665 789822 790128 790276 790536 790681 790683 790762 790921 790988 791774 791815 791939 791979 792136 
792173 792176 792310 792705 792754 792963 792981 793278 793485 793728 793761 794095 794394 794819 795131 795217 795412 796111 796187 796495 
796834 796994 797036 797169 797450 798159 798271 798383 798752 799396 799455 800447 800490 800612 800634 800982 801148 801416 801501 801596 
802148 802317 802389 802584 803346 803502 803504 803721 804224 804246 804515 804768 804879 805388 805644 805914 805952 806127 806298 806425 
806434 806589 806760 806957 807012 807700 808045 808294 808471 808693 808877 809030 809156 809423 809481 809556 809660 810769 810795 810901 
810935 811548 812125 812273 812295 812532 812880 813094 813157 813425 813541 813714 813832 814022 814788 815035 815178 815420 816124 816352 
816428 816568 816582 816702 816740 817512 817677 817984 818295 818686 818948 819115 819339 819736 819759 819960 820227 820304 820466 820672 
821035 821080 821224 821260 821565 822049 822196 822247 822258 822412 822547 822644 822845 822918 823019 823140 824211 824217 824233 824286 
824367 824388 824392 824576 824577 824759 824829 825149 825408 825682 825998 826000 826052 826554 826563 826607 826677 826821 826924 827064 
827219 827299 828593 829121 829385 829666 829850 830479 830581 831038 831254 831714 831973 832041 832076 832589 832656 832714 832990 833342 
833484 833485 833622 833968 834180 834564 835132 835239 835536 835588 835868 835980 836144 836326 836791 836840 836887 837158 837309 837362 
837395 837622 837731 837771 838032 838041 838378 838498 838946 839117 839130 839495 839713 840520 840536 840613 840709 840763 840993 841288 
841421 841783 842230 842386 842415 842697 842865 843048 843518 843612 843665 843729 844041 844282 844381 844648 844662 844793 845201 845212 
845414 845415 845481 845499 845613 845715 845965 846344 846360 846498 846565 846767 846794 846956 847273 847331 847360 847450 847453 847721 
847931 848106 848444 848465 848594 848989 849076 849155 849477 849609 849728 849912 849959 850070 850165 850377 850541 850546 850625 850760 
850827 850944 851022 851107 851586 851641 851998 852004 852180 852268 852606 852926 853151 853235 853764 854017 854366 854411 854670 854913 
855262 855339 855702 855829 855860 855890 856087 856219 856354 856588 856654 856853 857156 857443 858026 858094 858231 858231 858261 859175 
859395 859457 859485 859644 859876 859919 860170 860273 860450 860639 860822 860984 861907 861947 862252 862377 862815 862958 863153 863573 
863729 863854 863925 864315 864530 864561 864727 865248 865370 865577 865624 865789 866034 866119 866462 866558 866682 867463 867731 867875 
868749 868822 868902 869178 869195 869266 869321 869498 869629 869805 870037 870096 870136 870163 870442 870725 870908 871530 871582 871678 
871808 871965 871970 872226 872466 872551 872756 872899 873144 873254 873275 873445 873498 873519 873538 873628 873654 873678 873783 873872 
873897 873910 874154 874893 874948 875131 875377 875444 875635 875856 875908 876533 876849 877148 877278 877456 877586 877733 878153 878178 
878397 878877 878981 879025 879049 879337 879422 879495 879890 879971 880004 880065 880091 880325 881112 881185 881332 881343 881627 881696 
882265 882531 882777 883289 883599 883749 883769 883966 884326 884748 884767 885130 885466 885525 885743 885937 886007 886480 886516 886521 
886878 886949 887227 887344 887515 887740 887790 888651 888662 888721 888879 888974 889132 889479 889618 890096 890575 890726 891145 891192 
891616 891737 891753 891790 892097 892260 892627 892752 893466 893542 893810 893827 894146 894220 894230 894677 894830 894996 895130 895359 
895404 895539 895561 895666 895726 895743 895852 895869 896222 896381 896407 896870 896991 897003 897025 897520 898065 898092 898108 898742 
899590 899818 899906 899932 900057 900304 900384 900592 900758 901014 901239 901307 901589 901595 901697 901703 901748 901807 901843 902202 
902325 902325 902389 902403 902814 902964 903261 903867 903873 904162 904229 904507 905076 905730 905988 906400 906426 906521 907040 907722 
907863 907878 908096 908849 908966 909031 909386 909475 909494 909894 910119 911451 911606 911719 912014 912178 912297 912531 912740 913094 
913664 913789 913900 914017 914296 914394 914413 914453 914551 914860 915019 915046 915119 915347 915362 915424 915987 916038 916514 916680 
916870 916890 916939 916994 917334 918068 918148 918174 918459 918576 918914 919406 919458 919749 920059 920227 920422 920644 921153 921357 
921492 921517 922625 922721 922868 922919 922944 923070 923191 923205 923726 924237 924501 924862 924874 925313 925489 925511 925935 926151 
926385 926800 926867 927537 927761 928007 928041 928138 928293 928411 928571 929033 929236 929772 929892 930106 930425 930560 930647 930763 
930836 931028 931214 931354 931511 931786 931788 931837 931857 931913 932591 932791 932862 933094 933330 933342 933379 933704 933833 933874 
933896 933915 933939 934059 934177 934207 934697 934981 935111 935521 935647 935827 936013 936429 936448 936577 936863 936967 937327 937802 
938174 938327 938519 938545 938559 938696 938789 938924 938944 939403 939472 939546 939808 940114 940127 940154 940253 940415 940548 940705 
941382 941452 941580 942321 942468 942746 942773 942825 942981 943125 943293 943336 943616 944350 944365 944376 944507 944663 945276 945482 
945802 945966 946096 946264 946318 947320 947509 947910 948006 948048 948476 948614 948800 948811 949242 949260 949287 949320 949524 949577 
949660 949696 949729 950040 950048 950827 950951 951085 951209 951273 951375 951388 951413 951711 951898 951989 952315 952517 952530 952616 
952643 952648 952792 952793 952959 953067 953308 953476 953974 954075 954419 954459 954547 955053 955640 955897 955925 956138 956673 957303 
957836 957884 958040 958147 958399 958850 958858 958930 958999 959002 959081 959090 959214 959411 959448 959482 959755 960009 960316 960627 
960838 960921 961199 961721 961737 961737 962038 962442 962618 963509 963774 964064 964222 964236 964273 964423 964692 965793 965963 965978 
965979 966045 966088 966436 966547 966612 966778 967052 967500 968221 969020 969023 969273 969317 969532 969592 969618 970289 970449 970542 
970560 970635 970647 970825 970843 970896 971188 971288 971293 971308 971447 971456 971830 972012 972191 972258 972362 972692 972702 972710 
972772 973030 973527 973643 973799 973835 974576 974728 974751 974799 975111 975208 975562 975742 975902 975945 975968 976124 976867 976886 
976901 977145 977181 977184 977212 977449 977651 977825 977998 978145 978255 978278 978727 978749 978762 979580 980093 980155 980201 981360 
981413 981549 982125 982265 982289 982459 982642 982703 982718 982838 982875 983011 983481 983708 983808 983850 983881 984066 984311 984619 
984736 984926 984965 985071 985346 985627 985750 985774 986296 986523 986786 987413 987544 987585 987822 987910 988041 988539 988546 988974 
988980 989150 989355 989361 990063 990382 990739 991228 991238 991241 991635 991908 992350 992687 993048 993224 993554 993818 994364 994388 
994460 994545 994648 994756 994877 994895 995035 995088 995267 995292 995327 995490 995525 995624 995737 995959 996053 996121 996179 996357 
996498 996558 996578 996801 997181 997417 997728 997943 998059 998498 998583 998591 998683 998824 998948 999218 999293 999331 999437 999891 
